264,1,1164.25,305.20,174.26,493.87,-1,-1,-1,-1
265,1,1170.07,305.76,178.39,492.55,-1,-1,-1,-1
266,1,1177.72,310.51,179.42,484.82,-1,-1,-1,-1
267,1,1184.62,312.70,180.86,478.50,-1,-1,-1,-1
268,1,1188.45,315.61,175.52,474.10,-1,-1,-1,-1
269,1,1201.05,315.90,165.77,473.38,-1,-1,-1,-1
270,1,1210.55,316.37,161.03,469.41,-1,-1,-1,-1
271,1,1221.25,320.18,157.02,461.19,-1,-1,-1,-1
272,1,1227.46,320.91,161.19,457.76,-1,-1,-1,-1
273,1,1234.62,320.14,162.13,458.83,-1,-1,-1,-1
274,1,1241.35,316.65,166.44,458.92,-1,-1,-1,-1
275,1,1245.69,315.48,172.26,460.00,-1,-1,-1,-1
276,1,1250.41,317.59,179.33,454.87,-1,-1,-1,-1
277,1,1265.52,320.80,178.48,449.60,-1,-1,-1,-1
278,1,1276.23,325.79,173.39,448.82,-1,-1,-1,-1
279,1,1281.64,324.70,165.78,442.15,-1,-1,-1,-1
280,1,1289.82,326.74,161.73,437.52,-1,-1,-1,-1
281,1,1291.22,326.84,161.91,436.95,-1,-1,-1,-1
282,1,1291.80,327.94,162.50,435.68,-1,-1,-1,-1
283,1,1299.63,329.75,157.73,431.22,-1,-1,-1,-1
284,1,1301.28,329.74,157.61,430.83,-1,-1,-1,-1
285,1,1310.30,331.64,153.38,426.24,-1,-1,-1,-1
286,1,1314.98,329.73,145.43,430.52,-1,-1,-1,-1
287,1,1325.76,329.04,138.82,428.83,-1,-1,-1,-1
288,1,1326.00,328.01,140.71,433.04,-1,-1,-1,-1
289,1,1335.06,331.09,136.69,424.73,-1,-1,-1,-1
290,1,1336.11,330.03,137.53,426.85,-1,-1,-1,-1
291,1,1339.98,332.45,142.85,421.40,-1,-1,-1,-1
292,1,1341.30,335.73,142.61,415.59,-1,-1,-1,-1
264,2,1540.01,417.18,96.93,283.55,-1,-1,-1,-1
265,2,1542.35,417.11,94.71,282.81,-1,-1,-1,-1
266,2,1542.79,418.06,94.20,281.58,-1,-1,-1,-1
267,2,1544.77,418.14,90.66,281.84,-1,-1,-1,-1
268,2,1548.18,419.93,90.89,280.36,-1,-1,-1,-1
269,2,1547.06,421.32,94.57,279.16,-1,-1,-1,-1
270,2,1548.37,420.84,92.51,279.01,-1,-1,-1,-1
271,2,1549.23,421.38,90.44,278.04,-1,-1,-1,-1
272,2,1551.96,422.07,88.86,277.25,-1,-1,-1,-1
273,2,1553.28,422.64,88.13,275.90,-1,-1,-1,-1
274,2,1556.79,425.57,91.03,270.91,-1,-1,-1,-1
275,2,1557.15,425.42,95.76,272.40,-1,-1,-1,-1
276,2,1561.68,426.51,96.95,270.18,-1,-1,-1,-1
277,2,1568.26,431.37,99.22,268.68,-1,-1,-1,-1
278,2,1569.64,431.90,98.54,268.17,-1,-1,-1,-1
279,2,1570.99,437.08,98.79,263.04,-1,-1,-1,-1
280,2,1570.45,439.20,100.84,262.67,-1,-1,-1,-1
281,2,1574.73,447.86,103.92,252.92,-1,-1,-1,-1
282,2,1575.88,452.29,102.74,248.91,-1,-1,-1,-1
283,2,1576.24,463.63,102.32,238.20,-1,-1,-1,-1
284,2,1576.90,464.79,101.79,236.35,-1,-1,-1,-1
285,2,1578.73,468.78,98.98,232.51,-1,-1,-1,-1
286,2,1579.42,471.90,98.41,228.84,-1,-1,-1,-1
287,2,1579.80,480.91,97.59,219.65,-1,-1,-1,-1
288,2,1583.94,484.99,90.80,214.72,-1,-1,-1,-1
289,2,1586.96,497.32,85.17,204.33,-1,-1,-1,-1
290,2,1590.76,499.09,78.84,203.13,-1,-1,-1,-1
291,2,1594.69,501.32,78.10,199.11,-1,-1,-1,-1
292,2,1595.99,512.33,78.24,188.99,-1,-1,-1,-1
293,2,1596.13,513.00,79.32,188.56,-1,-1,-1,-1
294,2,1595.49,516.16,80.42,187.18,-1,-1,-1,-1
264,3,823.61,345.59,185.36,489.16,-1,-1,-1,-1
265,3,830.02,346.26,189.38,487.57,-1,-1,-1,-1
266,3,844.29,348.60,189.45,485.83,-1,-1,-1,-1
267,3,866.36,352.21,177.39,477.36,-1,-1,-1,-1
268,3,876.81,346.40,172.80,477.35,-1,-1,-1,-1
269,3,889.80,344.51,165.16,479.09,-1,-1,-1,-1
270,3,900.87,346.25,158.39,473.79,-1,-1,-1,-1
271,3,908.44,344.94,158.49,476.23,-1,-1,-1,-1
272,3,915.80,345.44,161.37,474.92,-1,-1,-1,-1
273,3,923.13,346.97,160.49,461.86,-1,-1,-1,-1
274,3,936.38,345.87,167.68,463.81,-1,-1,-1,-1
275,3,949.20,348.04,172.99,459.53,-1,-1,-1,-1
276,3,951.54,350.54,183.38,453.75,-1,-1,-1,-1
277,3,961.02,350.05,181.18,452.55,-1,-1,-1,-1
278,3,961.76,351.46,180.40,452.21,-1,-1,-1,-1
279,3,977.73,352.45,179.29,448.44,-1,-1,-1,-1
280,3,988.75,351.56,172.81,449.96,-1,-1,-1,-1
281,3,993.53,354.54,165.32,442.78,-1,-1,-1,-1
282,3,1013.44,355.13,155.77,439.19,-1,-1,-1,-1
283,3,1025.79,355.47,148.01,439.80,-1,-1,-1,-1
284,3,1039.89,356.41,149.80,438.56,-1,-1,-1,-1
285,3,1043.92,355.13,158.98,438.95,-1,-1,-1,-1
286,3,1048.07,354.56,167.33,438.44,-1,-1,-1,-1
287,3,1058.95,358.07,175.56,432.33,-1,-1,-1,-1
288,3,1060.20,353.40,177.31,433.86,-1,-1,-1,-1
289,3,1066.21,360.50,180.49,428.03,-1,-1,-1,-1
290,3,1073.00,363.15,181.09,423.06,-1,-1,-1,-1
291,3,1074.17,363.12,180.79,424.82,-1,-1,-1,-1
292,3,1083.16,363.84,177.04,422.91,-1,-1,-1,-1
293,3,1087.14,366.06,171.08,419.89,-1,-1,-1,-1
294,3,1096.02,367.52,165.59,416.02,-1,-1,-1,-1
295,3,1100.70,366.17,158.10,416.21,-1,-1,-1,-1
296,3,1102.93,365.56,152.49,409.36,-1,-1,-1,-1
297,3,1108.11,364.44,144.40,411.44,-1,-1,-1,-1
298,3,1116.63,364.13,139.35,411.04,-1,-1,-1,-1
299,3,1120.85,365.85,135.57,409.31,-1,-1,-1,-1
300,3,1123.76,364.68,130.20,409.34,-1,-1,-1,-1
301,3,1129.37,365.57,132.76,405.11,-1,-1,-1,-1
302,3,1135.82,367.06,133.99,401.19,-1,-1,-1,-1
303,3,1137.64,365.25,134.99,403.73,-1,-1,-1,-1
304,3,1145.08,367.76,136.01,399.43,-1,-1,-1,-1
305,3,1152.14,369.54,134.47,397.59,-1,-1,-1,-1
306,3,1153.14,369.71,135.37,398.68,-1,-1,-1,-1
307,3,1159.78,372.46,135.88,393.41,-1,-1,-1,-1
308,3,1159.57,372.44,137.19,393.34,-1,-1,-1,-1
309,3,1168.20,372.87,136.53,389.44,-1,-1,-1,-1
310,3,1175.38,372.13,136.90,390.07,-1,-1,-1,-1
311,3,1182.21,372.65,136.28,388.60,-1,-1,-1,-1
312,3,1189.40,374.14,138.01,388.32,-1,-1,-1,-1
313,3,1190.14,376.64,140.77,383.39,-1,-1,-1,-1
314,3,1196.43,379.50,142.62,376.61,-1,-1,-1,-1
315,3,1196.18,382.55,144.28,371.68,-1,-1,-1,-1
316,3,1203.44,383.20,144.24,370.69,-1,-1,-1,-1
317,3,1215.01,383.35,137.78,370.32,-1,-1,-1,-1
318,3,1222.87,384.09,134.79,369.42,-1,-1,-1,-1
319,3,1227.72,383.96,129.31,371.38,-1,-1,-1,-1
320,3,1235.29,386.55,125.53,366.13,-1,-1,-1,-1
321,3,1237.94,386.36,122.69,367.09,-1,-1,-1,-1
322,3,1242.69,385.66,117.23,366.16,-1,-1,-1,-1
323,3,1250.34,388.26,111.46,362.05,-1,-1,-1,-1
324,3,1255.54,386.18,108.32,363.13,-1,-1,-1,-1
325,3,1261.99,386.21,106.26,361.23,-1,-1,-1,-1
326,3,1262.49,379.73,106.20,362.81,-1,-1,-1,-1
327,3,1268.41,380.30,107.65,360.30,-1,-1,-1,-1
328,3,1271.41,378.91,106.54,364.58,-1,-1,-1,-1
329,3,1276.58,378.53,109.71,364.97,-1,-1,-1,-1
330,3,1278.53,375.86,110.61,369.91,-1,-1,-1,-1
331,3,1282.47,379.53,116.02,363.45,-1,-1,-1,-1
332,3,1287.54,384.01,118.48,354.62,-1,-1,-1,-1
333,3,1287.62,386.63,121.69,351.55,-1,-1,-1,-1
334,3,1292.46,390.92,125.90,349.10,-1,-1,-1,-1
335,3,1295.69,386.77,122.79,351.27,-1,-1,-1,-1
336,3,1301.85,392.19,120.89,347.76,-1,-1,-1,-1
337,3,1306.82,387.52,116.48,349.42,-1,-1,-1,-1
338,3,1313.51,387.67,114.43,348.31,-1,-1,-1,-1
339,3,1319.65,386.09,116.78,351.38,-1,-1,-1,-1
340,3,1322.77,384.46,116.02,350.27,-1,-1,-1,-1
341,3,1325.77,383.74,120.62,351.55,-1,-1,-1,-1
342,3,1328.44,383.87,122.73,350.85,-1,-1,-1,-1
343,3,1334.88,386.40,123.17,344.25,-1,-1,-1,-1
344,3,1341.76,386.68,122.50,344.22,-1,-1,-1,-1
345,3,1350.44,383.66,121.47,340.08,-1,-1,-1,-1
346,3,1351.54,387.22,120.10,342.39,-1,-1,-1,-1
347,3,1352.76,387.19,120.16,344.18,-1,-1,-1,-1
348,3,1361.22,387.52,115.39,344.44,-1,-1,-1,-1
349,3,1364.49,386.93,111.41,344.15,-1,-1,-1,-1
350,3,1370.99,386.81,110.29,343.45,-1,-1,-1,-1
351,3,1372.59,381.05,110.79,344.39,-1,-1,-1,-1
352,3,1373.30,381.11,111.50,343.02,-1,-1,-1,-1
353,3,1377.50,384.28,113.54,337.09,-1,-1,-1,-1
354,3,1380.73,387.87,110.64,330.78,-1,-1,-1,-1
355,3,1387.16,388.61,110.67,329.10,-1,-1,-1,-1
356,3,1388.50,389.25,110.93,327.40,-1,-1,-1,-1
357,3,1389.54,389.59,110.61,326.56,-1,-1,-1,-1
358,3,1389.14,391.39,109.85,322.35,-1,-1,-1,-1
359,3,1390.91,392.71,105.89,319.14,-1,-1,-1,-1
360,3,1419.04,406.16,111.88,304.31,-1,-1,-1,-1
361,3,1417.84,403.96,117.18,308.46,-1,-1,-1,-1
362,3,1425.77,405.29,113.36,305.42,-1,-1,-1,-1
363,3,1428.53,401.77,110.13,304.75,-1,-1,-1,-1
364,3,1427.37,399.60,112.15,307.47,-1,-1,-1,-1
365,3,1424.81,394.30,117.41,315.27,-1,-1,-1,-1
366,3,1434.02,398.94,113.39,307.12,-1,-1,-1,-1
367,3,1436.83,398.25,113.76,309.34,-1,-1,-1,-1
368,3,1442.97,399.32,111.62,307.65,-1,-1,-1,-1
369,3,1445.75,399.32,109.69,306.28,-1,-1,-1,-1
370,3,1451.90,401.12,112.74,300.39,-1,-1,-1,-1
371,3,1436.19,393.58,126.38,303.97,-1,-1,-1,-1
372,3,1455.13,404.36,122.79,295.42,-1,-1,-1,-1
373,3,1462.97,406.86,120.63,292.08,-1,-1,-1,-1
374,3,1464.07,404.58,120.06,294.19,-1,-1,-1,-1
264,4,978.89,328.59,192.76,526.41,-1,-1,-1,-1
265,4,987.38,326.37,191.44,529.96,-1,-1,-1,-1
266,4,994.28,329.27,196.43,523.08,-1,-1,-1,-1
267,4,1003.55,330.54,210.15,520.08,-1,-1,-1,-1
268,4,1013.34,332.81,220.33,516.49,-1,-1,-1,-1
269,4,1025.70,332.75,227.91,517.24,-1,-1,-1,-1
270,4,1032.52,333.89,229.41,513.90,-1,-1,-1,-1
271,4,1040.82,328.66,229.90,513.60,-1,-1,-1,-1
272,4,1051.00,332.34,226.02,516.02,-1,-1,-1,-1
273,4,1059.39,329.36,224.60,511.01,-1,-1,-1,-1
274,4,1084.13,330.56,208.12,506.45,-1,-1,-1,-1
275,4,1105.91,329.72,192.91,505.28,-1,-1,-1,-1
276,4,1122.11,328.31,180.88,507.02,-1,-1,-1,-1
277,4,1136.00,326.59,182.10,500.33,-1,-1,-1,-1
278,4,1142.45,325.55,184.68,503.21,-1,-1,-1,-1
279,4,1152.86,328.42,184.07,498.42,-1,-1,-1,-1
280,4,1166.15,329.90,185.14,495.48,-1,-1,-1,-1
281,4,1173.67,338.08,187.42,487.92,-1,-1,-1,-1
282,4,1185.43,341.33,182.26,484.01,-1,-1,-1,-1
283,4,1195.85,343.70,177.73,479.95,-1,-1,-1,-1
284,4,1212.97,341.60,171.91,485.41,-1,-1,-1,-1
285,4,1225.03,341.15,166.89,483.15,-1,-1,-1,-1
286,4,1233.59,343.59,166.45,476.49,-1,-1,-1,-1
287,4,1246.59,338.20,168.23,476.11,-1,-1,-1,-1
288,4,1254.84,337.08,167.62,476.41,-1,-1,-1,-1
289,4,1268.19,339.07,160.63,473.57,-1,-1,-1,-1
290,4,1274.43,337.92,165.22,474.82,-1,-1,-1,-1
291,4,1284.03,341.39,173.66,466.42,-1,-1,-1,-1
292,4,1290.06,342.45,180.50,465.75,-1,-1,-1,-1
293,4,1296.57,344.74,182.92,460.87,-1,-1,-1,-1
294,4,1301.34,349.70,187.47,451.43,-1,-1,-1,-1
295,4,1311.23,349.36,184.10,449.55,-1,-1,-1,-1
296,4,1314.41,348.07,180.51,452.23,-1,-1,-1,-1
297,4,1329.50,342.95,180.30,451.21,-1,-1,-1,-1
298,4,1336.12,345.02,184.14,444.29,-1,-1,-1,-1
299,4,1345.35,344.55,183.16,446.91,-1,-1,-1,-1
300,4,1356.33,343.97,175.48,448.42,-1,-1,-1,-1
301,4,1360.94,341.79,179.91,451.24,-1,-1,-1,-1
302,4,1361.10,344.80,181.89,443.73,-1,-1,-1,-1
303,4,1363.15,346.27,179.89,441.24,-1,-1,-1,-1
304,4,1369.90,348.69,180.57,436.12,-1,-1,-1,-1
305,4,1373.64,350.07,186.91,433.43,-1,-1,-1,-1
306,4,1375.36,352.18,186.44,431.89,-1,-1,-1,-1
307,4,1383.59,354.98,182.32,426.61,-1,-1,-1,-1
308,4,1388.11,356.13,176.49,424.99,-1,-1,-1,-1
309,4,1396.42,357.02,174.32,422.77,-1,-1,-1,-1
310,4,1406.23,359.32,168.88,415.94,-1,-1,-1,-1
311,4,1410.45,359.42,163.48,413.20,-1,-1,-1,-1
312,4,1417.30,358.68,162.91,415.08,-1,-1,-1,-1
313,4,1420.28,359.07,160.28,413.09,-1,-1,-1,-1
314,4,1424.79,358.69,166.62,414.23,-1,-1,-1,-1
315,4,1427.73,359.92,173.04,411.17,-1,-1,-1,-1
316,4,1431.50,359.82,166.63,411.94,-1,-1,-1,-1
317,4,1434.91,360.70,162.12,410.74,-1,-1,-1,-1
318,4,1435.47,362.72,161.02,406.85,-1,-1,-1,-1
319,4,1436.79,363.43,160.79,406.26,-1,-1,-1,-1
320,4,1441.53,365.29,162.09,401.12,-1,-1,-1,-1
321,4,1442.17,367.76,162.04,397.98,-1,-1,-1,-1
322,4,1444.47,368.20,160.58,395.58,-1,-1,-1,-1
323,4,1447.47,368.89,155.02,393.66,-1,-1,-1,-1
324,4,1445.46,364.25,158.60,394.28,-1,-1,-1,-1
325,4,1447.26,365.25,155.56,391.90,-1,-1,-1,-1
326,4,1448.05,363.99,154.28,392.58,-1,-1,-1,-1
327,4,1451.61,364.74,158.28,391.22,-1,-1,-1,-1
328,4,1450.96,366.22,158.92,388.39,-1,-1,-1,-1
329,4,1452.81,370.06,155.38,382.86,-1,-1,-1,-1
330,4,1450.43,370.65,149.65,380.18,-1,-1,-1,-1
331,4,1452.27,371.44,145.14,377.34,-1,-1,-1,-1
332,4,1452.06,371.08,145.28,379.30,-1,-1,-1,-1
333,4,1449.87,371.24,147.54,380.07,-1,-1,-1,-1
334,4,1448.82,372.61,148.81,378.41,-1,-1,-1,-1
335,4,1449.48,373.11,148.94,376.17,-1,-1,-1,-1
336,4,1450.58,374.84,146.89,374.00,-1,-1,-1,-1
337,4,1449.52,374.05,147.03,371.96,-1,-1,-1,-1
338,4,1447.90,375.28,149.26,369.18,-1,-1,-1,-1
339,4,1450.78,376.61,145.20,365.73,-1,-1,-1,-1
340,4,1450.85,377.52,144.73,363.46,-1,-1,-1,-1
341,4,1451.53,377.76,142.21,363.40,-1,-1,-1,-1
342,4,1451.01,379.19,143.61,362.13,-1,-1,-1,-1
343,4,1453.23,381.36,139.57,360.24,-1,-1,-1,-1
344,4,1452.62,390.77,141.04,350.95,-1,-1,-1,-1
345,4,1454.76,390.96,138.28,350.01,-1,-1,-1,-1
346,4,1457.01,392.09,134.92,347.93,-1,-1,-1,-1
347,4,1462.76,389.55,135.85,345.07,-1,-1,-1,-1
348,4,1464.28,391.35,135.05,340.75,-1,-1,-1,-1
349,4,1464.66,390.25,135.04,342.45,-1,-1,-1,-1
350,4,1467.03,391.11,132.38,339.38,-1,-1,-1,-1
351,4,1474.25,392.46,128.46,335.72,-1,-1,-1,-1
352,4,1476.21,390.99,127.28,335.28,-1,-1,-1,-1
353,4,1479.90,393.29,121.47,330.54,-1,-1,-1,-1
354,4,1481.77,393.87,120.29,329.42,-1,-1,-1,-1
355,4,1487.48,397.58,120.96,324.54,-1,-1,-1,-1
356,4,1490.41,398.90,117.34,324.37,-1,-1,-1,-1
357,4,1496.73,400.55,117.77,318.44,-1,-1,-1,-1
358,4,1498.76,400.51,116.36,319.19,-1,-1,-1,-1
359,4,1499.50,399.56,116.66,321.60,-1,-1,-1,-1
360,4,1502.03,400.02,122.45,317.99,-1,-1,-1,-1
361,4,1507.10,401.71,116.92,313.45,-1,-1,-1,-1
362,4,1514.33,400.66,115.60,314.50,-1,-1,-1,-1
363,4,1521.00,400.35,113.41,316.04,-1,-1,-1,-1
364,4,1521.85,399.36,114.68,317.76,-1,-1,-1,-1
365,4,1529.69,402.34,114.15,311.85,-1,-1,-1,-1
366,4,1532.83,403.88,113.76,308.88,-1,-1,-1,-1
367,4,1538.90,405.19,115.33,307.21,-1,-1,-1,-1
368,4,1545.25,407.58,116.86,301.66,-1,-1,-1,-1
369,4,1548.58,409.28,113.93,298.33,-1,-1,-1,-1
370,4,1555.80,407.39,111.90,301.25,-1,-1,-1,-1
371,4,1561.16,408.16,115.08,298.32,-1,-1,-1,-1
372,4,1568.31,407.98,116.00,298.94,-1,-1,-1,-1
373,4,1574.26,406.85,110.69,302.43,-1,-1,-1,-1
374,4,1581.11,407.50,107.87,299.96,-1,-1,-1,-1
375,4,1587.86,405.14,109.22,298.53,-1,-1,-1,-1
376,4,1589.20,404.82,107.80,296.51,-1,-1,-1,-1
377,4,1590.15,404.70,109.34,294.57,-1,-1,-1,-1
378,4,1590.06,407.00,110.43,291.81,-1,-1,-1,-1
379,4,1595.14,407.76,110.59,294.23,-1,-1,-1,-1
380,4,1600.12,407.97,107.81,293.33,-1,-1,-1,-1
381,4,1606.12,410.16,104.55,289.18,-1,-1,-1,-1
382,4,1612.82,410.94,106.67,286.90,-1,-1,-1,-1
383,4,1617.24,412.27,101.78,285.01,-1,-1,-1,-1
384,4,1619.30,412.73,100.92,281.94,-1,-1,-1,-1
385,4,1624.53,411.19,99.76,282.60,-1,-1,-1,-1
386,4,1625.75,409.68,101.36,282.86,-1,-1,-1,-1
387,4,1632.93,409.26,101.69,284.09,-1,-1,-1,-1
388,4,1639.57,407.70,102.11,287.66,-1,-1,-1,-1
389,4,1638.46,407.74,109.17,286.17,-1,-1,-1,-1
390,4,1643.81,409.84,112.50,283.14,-1,-1,-1,-1
391,4,1643.95,410.63,114.34,281.19,-1,-1,-1,-1
392,4,1649.37,411.72,116.10,279.32,-1,-1,-1,-1
393,4,1649.31,415.10,119.90,275.71,-1,-1,-1,-1
394,4,1657.72,413.97,117.57,275.45,-1,-1,-1,-1
395,4,1665.39,413.81,113.24,274.36,-1,-1,-1,-1
396,4,1667.41,412.66,113.78,276.62,-1,-1,-1,-1
397,4,1675.83,412.96,109.95,274.34,-1,-1,-1,-1
398,4,1679.79,410.74,107.02,277.32,-1,-1,-1,-1
399,4,1683.31,407.88,109.04,277.34,-1,-1,-1,-1
400,4,1685.65,409.12,108.63,274.94,-1,-1,-1,-1
401,4,1685.71,409.97,111.42,272.17,-1,-1,-1,-1
402,4,1689.44,408.22,116.93,273.05,-1,-1,-1,-1
403,4,1691.92,409.70,113.87,271.59,-1,-1,-1,-1
404,4,1692.44,411.80,114.17,269.88,-1,-1,-1,-1
405,4,1695.88,417.14,117.84,265.87,-1,-1,-1,-1
406,4,1698.77,417.84,114.01,263.88,-1,-1,-1,-1
407,4,1705.68,415.95,112.72,267.69,-1,-1,-1,-1
408,4,1708.48,414.25,111.45,264.41,-1,-1,-1,-1
409,4,1715.78,416.22,108.42,260.38,-1,-1,-1,-1
410,4,1719.87,414.84,104.44,261.66,-1,-1,-1,-1
411,4,1724.50,414.93,97.96,261.65,-1,-1,-1,-1
412,4,1730.31,414.40,97.48,263.35,-1,-1,-1,-1
413,4,1731.56,420.22,100.11,258.62,-1,-1,-1,-1
414,4,1735.29,416.02,104.15,260.81,-1,-1,-1,-1
415,4,1736.19,415.93,104.97,260.43,-1,-1,-1,-1
416,4,1742.88,417.82,102.31,255.32,-1,-1,-1,-1
417,4,1746.34,418.63,101.35,254.03,-1,-1,-1,-1
418,4,1749.81,419.34,104.67,253.68,-1,-1,-1,-1
419,4,1752.17,417.77,103.77,254.71,-1,-1,-1,-1
420,4,1757.91,419.49,104.12,251.83,-1,-1,-1,-1
421,4,1760.48,419.12,102.85,253.44,-1,-1,-1,-1
422,4,1767.34,418.08,102.82,253.85,-1,-1,-1,-1
423,4,1768.60,418.20,103.25,253.01,-1,-1,-1,-1
424,4,1770.91,419.98,101.23,248.66,-1,-1,-1,-1
425,4,1777.10,419.47,98.95,248.20,-1,-1,-1,-1
426,4,1780.70,422.22,93.56,242.32,-1,-1,-1,-1
427,4,1783.81,422.63,91.72,242.70,-1,-1,-1,-1
428,4,1790.24,423.36,92.35,242.16,-1,-1,-1,-1
429,4,1793.65,425.41,96.27,240.13,-1,-1,-1,-1
430,4,1792.90,425.56,100.30,240.69,-1,-1,-1,-1
431,4,1795.00,426.10,99.05,239.06,-1,-1,-1,-1
432,4,1797.77,425.25,95.62,239.40,-1,-1,-1,-1
433,4,1804.43,425.58,93.95,238.10,-1,-1,-1,-1
434,4,1807.69,425.10,91.84,239.01,-1,-1,-1,-1
435,4,1814.13,424.08,92.30,239.03,-1,-1,-1,-1
436,4,1818.78,423.60,86.88,242.66,-1,-1,-1,-1
437,4,1822.47,423.49,88.86,245.67,-1,-1,-1,-1
438,4,1826.73,423.65,89.10,245.64,-1,-1,-1,-1
439,4,1828.56,425.73,89.53,241.84,-1,-1,-1,-1
440,4,1828.13,422.25,90.02,247.71,-1,-1,-1,-1
441,4,1833.68,425.03,99.60,250.94,-1,-1,-1,-1
442,4,1835.04,426.61,97.93,249.04,-1,-1,-1,-1
443,4,1834.51,409.87,99.69,270.06,-1,-1,-1,-1
264,5,1396.76,376.50,140.43,339.44,-1,-1,-1,-1
265,5,1399.67,375.35,138.56,341.17,-1,-1,-1,-1
266,5,1403.09,376.74,143.00,338.77,-1,-1,-1,-1
267,5,1405.36,381.93,142.27,335.11,-1,-1,-1,-1
268,5,1413.45,383.88,137.83,331.63,-1,-1,-1,-1
269,5,1418.53,385.64,132.03,329.00,-1,-1,-1,-1
270,5,1420.19,385.99,129.98,329.19,-1,-1,-1,-1
271,5,1422.17,386.65,124.85,327.59,-1,-1,-1,-1
272,5,1425.76,388.94,118.00,321.90,-1,-1,-1,-1
273,5,1427.70,385.52,114.32,321.64,-1,-1,-1,-1
274,5,1436.01,386.82,109.91,316.80,-1,-1,-1,-1
275,5,1439.84,384.52,105.30,320.13,-1,-1,-1,-1
276,5,1447.05,385.11,102.12,319.31,-1,-1,-1,-1
277,5,1454.35,385.51,102.76,317.79,-1,-1,-1,-1
278,5,1455.36,386.15,103.32,316.07,-1,-1,-1,-1
279,5,1460.42,386.60,107.61,312.66,-1,-1,-1,-1
280,5,1459.31,387.30,112.38,312.67,-1,-1,-1,-1
281,5,1461.37,387.12,112.99,314.25,-1,-1,-1,-1
282,5,1466.16,388.51,115.65,312.23,-1,-1,-1,-1
283,5,1466.84,389.81,116.81,311.18,-1,-1,-1,-1
284,5,1475.10,387.38,112.53,314.14,-1,-1,-1,-1
285,5,1474.74,386.09,115.97,315.54,-1,-1,-1,-1
286,5,1475.74,386.65,115.25,313.74,-1,-1,-1,-1
287,5,1486.04,387.71,109.85,307.50,-1,-1,-1,-1
288,5,1495.46,387.38,106.86,309.70,-1,-1,-1,-1
289,5,1508.66,381.20,106.71,314.12,-1,-1,-1,-1
290,5,1511.44,383.66,107.04,309.88,-1,-1,-1,-1
291,5,1516.10,384.64,109.34,306.75,-1,-1,-1,-1
292,5,1523.81,388.95,113.74,306.51,-1,-1,-1,-1
293,5,1528.79,385.75,120.29,313.72,-1,-1,-1,-1
294,5,1534.09,387.40,126.16,312.06,-1,-1,-1,-1
295,5,1538.04,388.44,129.96,310.24,-1,-1,-1,-1
296,5,1544.98,389.90,133.82,310.00,-1,-1,-1,-1
297,5,1550.31,389.49,136.55,312.36,-1,-1,-1,-1
298,5,1554.04,389.63,132.96,313.67,-1,-1,-1,-1
299,5,1560.08,390.07,132.20,312.34,-1,-1,-1,-1
300,5,1561.57,386.90,129.73,318.06,-1,-1,-1,-1
301,5,1565.26,386.92,123.06,317.93,-1,-1,-1,-1
302,5,1565.21,390.48,111.57,307.22,-1,-1,-1,-1
303,5,1570.64,390.11,100.17,304.73,-1,-1,-1,-1
304,5,1578.12,392.60,97.15,286.72,-1,-1,-1,-1
305,5,1579.51,396.10,96.14,277.98,-1,-1,-1,-1
306,5,1580.38,391.99,97.99,288.27,-1,-1,-1,-1
307,5,1585.43,397.43,100.25,277.26,-1,-1,-1,-1
308,5,1589.47,399.78,96.59,271.99,-1,-1,-1,-1
309,5,1595.33,398.77,99.24,272.75,-1,-1,-1,-1
310,5,1604.34,396.93,94.26,264.27,-1,-1,-1,-1
311,5,1614.00,396.80,90.65,265.12,-1,-1,-1,-1
312,5,1622.17,395.91,94.25,278.29,-1,-1,-1,-1
313,5,1626.52,396.07,98.26,278.27,-1,-1,-1,-1
314,5,1630.53,394.94,106.78,280.02,-1,-1,-1,-1
315,5,1633.61,392.90,115.78,285.04,-1,-1,-1,-1
316,5,1637.29,393.40,123.49,283.35,-1,-1,-1,-1
317,5,1644.73,394.26,123.53,282.31,-1,-1,-1,-1
318,5,1649.70,395.83,113.81,279.68,-1,-1,-1,-1
319,5,1651.12,398.29,115.33,278.21,-1,-1,-1,-1
320,5,1654.16,400.65,111.39,273.66,-1,-1,-1,-1
321,5,1659.77,398.71,111.23,276.98,-1,-1,-1,-1
322,5,1664.38,401.37,106.16,270.09,-1,-1,-1,-1
323,5,1670.96,400.86,102.19,268.80,-1,-1,-1,-1
324,5,1675.41,401.47,97.04,265.87,-1,-1,-1,-1
325,5,1678.02,398.94,93.78,271.38,-1,-1,-1,-1
326,5,1681.90,399.05,96.43,273.52,-1,-1,-1,-1
327,5,1685.50,398.31,95.67,262.24,-1,-1,-1,-1
328,5,1691.93,396.67,92.09,265.51,-1,-1,-1,-1
329,5,1692.38,397.76,95.27,263.76,-1,-1,-1,-1
330,5,1695.16,400.11,92.61,258.95,-1,-1,-1,-1
331,5,1695.71,400.36,91.42,257.96,-1,-1,-1,-1
332,5,1702.88,404.35,89.13,259.71,-1,-1,-1,-1
333,5,1705.42,402.98,85.20,253.52,-1,-1,-1,-1
334,5,1712.09,401.82,85.06,255.79,-1,-1,-1,-1
335,5,1715.93,402.71,82.79,252.79,-1,-1,-1,-1
336,5,1718.25,403.77,88.14,252.78,-1,-1,-1,-1
337,5,1723.95,407.07,92.40,254.36,-1,-1,-1,-1
338,5,1726.34,406.62,92.14,255.59,-1,-1,-1,-1
339,5,1731.44,405.97,95.14,255.27,-1,-1,-1,-1
340,5,1733.15,404.94,93.45,257.05,-1,-1,-1,-1
341,5,1734.21,401.66,93.27,257.16,-1,-1,-1,-1
342,5,1739.09,402.03,96.18,256.26,-1,-1,-1,-1
343,5,1741.87,402.58,92.01,255.31,-1,-1,-1,-1
344,5,1743.49,401.81,88.65,255.38,-1,-1,-1,-1
345,5,1745.79,402.27,87.67,255.45,-1,-1,-1,-1
346,5,1749.09,404.34,89.78,252.33,-1,-1,-1,-1
347,5,1754.10,409.54,83.59,247.81,-1,-1,-1,-1
348,5,1756.77,405.95,81.24,249.10,-1,-1,-1,-1
349,5,1761.75,407.20,81.49,246.05,-1,-1,-1,-1
350,5,1762.81,405.70,85.46,246.43,-1,-1,-1,-1
351,5,1766.57,407.67,87.16,244.38,-1,-1,-1,-1
352,5,1769.83,405.42,83.44,248.26,-1,-1,-1,-1
353,5,1770.55,405.01,83.02,248.63,-1,-1,-1,-1
354,5,1771.31,405.12,82.45,248.34,-1,-1,-1,-1
355,5,1770.37,403.38,85.28,250.73,-1,-1,-1,-1
356,5,1775.56,405.04,86.09,247.87,-1,-1,-1,-1
357,5,1773.85,402.95,92.00,251.57,-1,-1,-1,-1
358,5,1775.38,404.43,87.98,250.16,-1,-1,-1,-1
359,5,1777.53,406.58,84.42,245.78,-1,-1,-1,-1
360,5,1786.75,411.47,79.23,236.34,-1,-1,-1,-1
361,5,1789.99,410.37,78.57,235.79,-1,-1,-1,-1
362,5,1795.46,410.59,78.18,234.95,-1,-1,-1,-1
363,5,1796.75,409.86,81.41,235.65,-1,-1,-1,-1
364,5,1803.15,410.27,80.52,235.27,-1,-1,-1,-1
365,5,1803.70,400.32,82.99,288.48,-1,-1,-1,-1
264,6,1824.46,421.78,91.65,211.87,-1,-1,-1,-1
265,6,1824.68,422.52,93.70,212.14,-1,-1,-1,-1
266,6,1822.88,422.64,97.41,210.17,-1,-1,-1,-1
267,6,1824.11,422.44,99.56,211.70,-1,-1,-1,-1
268,6,1826.04,420.73,98.37,214.62,-1,-1,-1,-1
269,6,1834.65,422.22,95.87,209.44,-1,-1,-1,-1
270,6,1839.45,423.85,90.01,206.26,-1,-1,-1,-1
271,6,1840.54,422.87,91.02,208.70,-1,-1,-1,-1
272,6,1843.00,422.19,85.06,209.97,-1,-1,-1,-1
273,6,1842.23,422.54,86.26,209.40,-1,-1,-1,-1
274,6,1843.50,420.66,84.81,212.38,-1,-1,-1,-1
275,6,1844.16,421.40,87.97,211.84,-1,-1,-1,-1
276,6,1844.60,421.96,92.26,211.45,-1,-1,-1,-1
277,6,1845.28,422.73,92.24,209.20,-1,-1,-1,-1
278,6,1846.37,423.07,92.85,209.69,-1,-1,-1,-1
279,6,1853.38,426.94,83.04,201.97,-1,-1,-1,-1
280,6,1855.74,427.32,80.51,201.10,-1,-1,-1,-1
281,6,1856.66,423.52,83.93,207.52,-1,-1,-1,-1
282,6,1857.92,421.82,86.34,209.28,-1,-1,-1,-1
283,6,1859.63,420.80,87.59,203.22,-1,-1,-1,-1
284,6,1868.69,420.84,79.34,201.73,-1,-1,-1,-1
285,6,1873.05,419.54,78.79,203.65,-1,-1,-1,-1
286,6,1876.36,420.27,76.79,201.69,-1,-1,-1,-1
287,6,1877.82,420.30,74.57,200.06,-1,-1,-1,-1
288,6,1878.57,421.22,74.13,197.82,-1,-1,-1,-1
289,6,1884.56,422.23,72.64,196.19,-1,-1,-1,-1
290,6,1886.80,423.20,67.11,193.99,-1,-1,-1,-1
291,6,1888.76,418.99,78.35,216.75,-1,-1,-1,-1
292,6,1886.65,425.17,64.40,190.84,-1,-1,-1,-1
293,6,1887.01,423.66,64.39,194.37,-1,-1,-1,-1
294,6,1886.00,425.73,63.16,189.08,-1,-1,-1,-1
295,6,1886.85,425.79,63.05,189.09,-1,-1,-1,-1
296,6,1887.31,425.06,65.59,190.46,-1,-1,-1,-1
297,6,1888.24,425.22,66.09,189.88,-1,-1,-1,-1
298,6,1888.92,426.01,64.86,187.51,-1,-1,-1,-1
299,6,1888.41,425.56,66.36,187.77,-1,-1,-1,-1
300,6,1888.37,425.47,63.74,188.15,-1,-1,-1,-1
301,6,1888.05,427.37,61.76,183.84,-1,-1,-1,-1
302,6,1889.08,427.02,61.04,185.53,-1,-1,-1,-1
303,6,1888.60,429.20,59.52,181.48,-1,-1,-1,-1
304,6,1888.73,428.46,61.43,182.71,-1,-1,-1,-1
305,6,1888.34,429.67,60.49,180.60,-1,-1,-1,-1
306,6,1888.20,423.51,68.98,194.43,-1,-1,-1,-1
307,6,1888.23,416.67,75.04,211.01,-1,-1,-1,-1
264,7,1687.95,523.45,72.34,195.80,-1,-1,-1,-1
265,7,1691.18,523.61,76.62,195.13,-1,-1,-1,-1
266,7,1694.40,522.82,76.38,198.96,-1,-1,-1,-1
267,7,1699.69,527.37,79.89,193.64,-1,-1,-1,-1
268,7,1702.31,527.15,79.79,194.42,-1,-1,-1,-1
269,7,1707.53,527.37,78.96,194.11,-1,-1,-1,-1
270,7,1714.53,527.82,77.94,192.84,-1,-1,-1,-1
271,7,1716.73,524.57,79.01,195.97,-1,-1,-1,-1
272,7,1719.63,524.62,87.35,196.18,-1,-1,-1,-1
273,7,1725.29,523.54,90.53,198.77,-1,-1,-1,-1
274,7,1730.98,528.02,94.93,194.46,-1,-1,-1,-1
275,7,1732.26,528.63,95.11,194.54,-1,-1,-1,-1
276,7,1732.53,530.24,94.55,191.80,-1,-1,-1,-1
277,7,1734.57,530.01,92.64,191.96,-1,-1,-1,-1
278,7,1734.56,529.28,91.22,192.48,-1,-1,-1,-1
279,7,1732.92,528.42,91.24,194.69,-1,-1,-1,-1
280,7,1730.13,526.62,87.24,198.29,-1,-1,-1,-1
281,7,1729.92,525.20,84.13,200.14,-1,-1,-1,-1
282,7,1727.56,522.60,84.51,203.99,-1,-1,-1,-1
283,7,1722.31,521.38,86.08,205.33,-1,-1,-1,-1
284,7,1717.25,521.33,92.81,204.87,-1,-1,-1,-1
285,7,1715.60,521.74,94.75,205.87,-1,-1,-1,-1
286,7,1711.87,521.70,101.75,209.47,-1,-1,-1,-1
287,7,1705.53,519.59,105.39,212.68,-1,-1,-1,-1
288,7,1701.95,521.58,110.42,209.60,-1,-1,-1,-1
289,7,1697.90,522.49,112.93,209.03,-1,-1,-1,-1
290,7,1699.10,523.27,109.06,208.40,-1,-1,-1,-1
291,7,1696.79,524.82,105.76,208.78,-1,-1,-1,-1
292,7,1694.44,526.01,105.65,205.87,-1,-1,-1,-1
293,7,1693.44,526.74,105.57,203.37,-1,-1,-1,-1
294,7,1688.59,527.92,106.56,200.77,-1,-1,-1,-1
295,7,1688.50,528.03,106.25,200.69,-1,-1,-1,-1
296,7,1688.56,526.20,105.84,201.48,-1,-1,-1,-1
297,7,1686.89,526.62,105.83,204.64,-1,-1,-1,-1
298,7,1685.65,528.12,105.61,203.50,-1,-1,-1,-1
299,7,1682.18,528.72,103.32,202.78,-1,-1,-1,-1
300,7,1684.01,529.56,98.51,201.87,-1,-1,-1,-1
301,7,1684.34,529.20,98.60,202.85,-1,-1,-1,-1
302,7,1688.73,529.68,98.58,201.71,-1,-1,-1,-1
303,7,1692.40,529.98,95.58,200.16,-1,-1,-1,-1
304,7,1699.57,528.96,92.36,200.21,-1,-1,-1,-1
305,7,1699.95,527.10,91.44,199.53,-1,-1,-1,-1
306,7,1701.00,526.62,90.18,199.83,-1,-1,-1,-1
307,7,1701.03,526.37,90.55,200.49,-1,-1,-1,-1
308,7,1700.96,526.53,90.08,199.86,-1,-1,-1,-1
309,7,1700.01,526.27,90.82,200.65,-1,-1,-1,-1
310,7,1695.96,525.64,91.58,201.34,-1,-1,-1,-1
311,7,1696.74,526.37,89.15,199.75,-1,-1,-1,-1
312,7,1698.20,524.87,87.03,201.71,-1,-1,-1,-1
313,7,1699.95,524.90,83.34,201.48,-1,-1,-1,-1
314,7,1699.22,525.61,84.67,201.20,-1,-1,-1,-1
315,7,1699.68,525.46,82.20,201.93,-1,-1,-1,-1
316,7,1698.02,523.99,84.02,203.49,-1,-1,-1,-1
317,7,1696.07,523.60,86.31,204.48,-1,-1,-1,-1
318,7,1693.88,522.53,89.76,206.30,-1,-1,-1,-1
319,7,1693.59,522.48,87.56,206.86,-1,-1,-1,-1
320,7,1689.83,522.81,88.89,205.31,-1,-1,-1,-1
321,7,1688.35,522.86,90.84,205.73,-1,-1,-1,-1
322,7,1685.64,521.58,91.92,209.79,-1,-1,-1,-1
323,7,1685.55,523.66,89.93,206.67,-1,-1,-1,-1
324,7,1680.68,522.57,91.39,207.43,-1,-1,-1,-1
325,7,1678.76,524.35,93.30,204.32,-1,-1,-1,-1
326,7,1677.13,523.58,95.50,205.52,-1,-1,-1,-1
327,7,1673.26,521.52,102.13,209.14,-1,-1,-1,-1
328,7,1672.71,522.94,102.44,207.13,-1,-1,-1,-1
329,7,1673.01,522.41,100.38,207.25,-1,-1,-1,-1
330,7,1676.71,523.59,91.25,205.02,-1,-1,-1,-1
331,7,1678.22,522.65,87.66,206.07,-1,-1,-1,-1
332,7,1679.30,523.11,84.96,206.38,-1,-1,-1,-1
333,7,1677.79,529.55,79.81,198.85,-1,-1,-1,-1
334,7,1679.70,532.31,73.93,193.99,-1,-1,-1,-1
335,7,1681.54,533.52,70.51,193.16,-1,-1,-1,-1
336,7,1682.00,530.78,70.83,198.48,-1,-1,-1,-1
337,7,1679.77,531.20,75.81,196.45,-1,-1,-1,-1
338,7,1678.91,525.62,78.40,201.85,-1,-1,-1,-1
339,7,1677.96,524.27,78.96,203.56,-1,-1,-1,-1
340,7,1677.49,525.49,78.84,201.41,-1,-1,-1,-1
341,7,1679.95,530.31,76.30,197.82,-1,-1,-1,-1
342,7,1681.58,524.33,80.83,203.67,-1,-1,-1,-1
343,7,1675.64,527.71,82.91,203.19,-1,-1,-1,-1
344,7,1675.34,526.19,82.20,199.73,-1,-1,-1,-1
345,7,1676.17,532.82,82.38,195.00,-1,-1,-1,-1
346,7,1672.59,531.05,86.11,198.88,-1,-1,-1,-1
347,7,1673.41,529.34,85.32,202.32,-1,-1,-1,-1
348,7,1673.19,529.21,84.81,203.45,-1,-1,-1,-1
349,7,1674.50,528.74,84.92,204.15,-1,-1,-1,-1
350,7,1674.43,529.59,85.16,202.07,-1,-1,-1,-1
351,7,1672.93,528.97,86.90,202.88,-1,-1,-1,-1
352,7,1671.01,529.29,89.71,201.59,-1,-1,-1,-1
353,7,1670.80,527.66,90.10,203.81,-1,-1,-1,-1
354,7,1672.92,526.30,88.03,205.80,-1,-1,-1,-1
355,7,1677.80,528.03,87.98,203.25,-1,-1,-1,-1
356,7,1677.02,529.95,92.13,200.77,-1,-1,-1,-1
357,7,1679.18,529.74,91.97,203.43,-1,-1,-1,-1
358,7,1683.66,530.14,92.64,203.54,-1,-1,-1,-1
359,7,1688.11,530.10,89.09,204.23,-1,-1,-1,-1
360,7,1695.78,530.12,89.86,201.35,-1,-1,-1,-1
361,7,1702.06,527.51,93.52,205.18,-1,-1,-1,-1
362,7,1707.41,521.21,96.29,211.13,-1,-1,-1,-1
363,7,1716.33,518.90,93.11,214.98,-1,-1,-1,-1
364,7,1718.74,516.78,90.39,217.59,-1,-1,-1,-1
365,7,1723.10,513.24,95.68,221.47,-1,-1,-1,-1
366,7,1730.03,510.11,98.20,225.65,-1,-1,-1,-1
367,7,1733.37,509.96,105.24,228.16,-1,-1,-1,-1
368,7,1735.33,511.57,106.24,228.17,-1,-1,-1,-1
369,7,1738.31,513.64,112.29,227.47,-1,-1,-1,-1
370,7,1747.67,516.07,112.19,218.38,-1,-1,-1,-1
371,7,1758.86,519.90,105.27,220.14,-1,-1,-1,-1
372,7,1773.06,520.22,94.34,222.34,-1,-1,-1,-1
373,7,1782.16,517.91,94.16,225.84,-1,-1,-1,-1
374,7,1792.12,519.19,101.56,223.97,-1,-1,-1,-1
375,7,1799.84,521.62,106.69,220.30,-1,-1,-1,-1
376,7,1804.72,515.26,119.76,223.17,-1,-1,-1,-1
377,7,1816.27,520.91,117.81,221.12,-1,-1,-1,-1
378,7,1823.20,522.22,113.88,219.46,-1,-1,-1,-1
379,7,1837.69,526.76,106.96,209.23,-1,-1,-1,-1
380,7,1855.22,522.88,107.99,220.51,-1,-1,-1,-1
381,7,1870.38,521.90,95.49,222.01,-1,-1,-1,-1
382,7,1884.44,515.68,111.50,230.83,-1,-1,-1,-1
264,8,1311.94,433.58,90.85,280.64,-1,-1,-1,-1
265,8,1318.34,432.91,90.65,283.24,-1,-1,-1,-1
266,8,1320.89,432.57,88.40,282.40,-1,-1,-1,-1
267,8,1326.57,428.44,90.84,279.48,-1,-1,-1,-1
268,8,1331.34,427.91,94.75,279.03,-1,-1,-1,-1
269,8,1335.36,427.24,92.16,279.03,-1,-1,-1,-1
270,8,1339.88,428.79,95.09,277.60,-1,-1,-1,-1
271,8,1341.21,429.23,94.66,276.85,-1,-1,-1,-1
272,8,1347.49,431.10,96.31,274.41,-1,-1,-1,-1
273,8,1352.60,430.28,100.33,274.04,-1,-1,-1,-1
282,9,1142.85,340.26,136.91,423.97,-1,-1,-1,-1
283,9,1141.85,338.69,140.84,428.42,-1,-1,-1,-1
284,9,1148.64,339.24,142.66,427.62,-1,-1,-1,-1
285,9,1157.84,341.09,140.30,424.16,-1,-1,-1,-1
286,9,1160.13,343.16,136.80,416.90,-1,-1,-1,-1
287,9,1172.17,345.02,125.79,399.47,-1,-1,-1,-1
288,9,1184.42,344.45,116.89,399.48,-1,-1,-1,-1
289,9,1186.32,345.50,116.82,395.33,-1,-1,-1,-1
290,9,1189.29,345.60,123.51,398.15,-1,-1,-1,-1
291,9,1191.64,347.13,123.14,407.51,-1,-1,-1,-1
292,9,1200.39,347.82,119.85,405.53,-1,-1,-1,-1
293,9,1207.80,349.56,118.90,402.77,-1,-1,-1,-1
294,9,1214.49,349.62,121.27,402.64,-1,-1,-1,-1
295,9,1219.67,354.46,126.38,394.37,-1,-1,-1,-1
296,9,1218.89,352.42,131.15,398.55,-1,-1,-1,-1
297,9,1226.83,356.50,129.15,391.06,-1,-1,-1,-1
298,9,1234.51,356.59,129.61,389.35,-1,-1,-1,-1
299,9,1240.24,353.23,134.35,395.03,-1,-1,-1,-1
300,9,1246.42,357.17,136.45,386.96,-1,-1,-1,-1
301,9,1251.83,351.49,129.19,388.28,-1,-1,-1,-1
302,9,1256.26,361.48,121.31,378.47,-1,-1,-1,-1
303,9,1266.06,352.22,116.05,385.15,-1,-1,-1,-1
304,9,1272.02,351.19,116.00,386.29,-1,-1,-1,-1
305,9,1275.71,348.34,113.35,390.18,-1,-1,-1,-1
306,9,1283.06,350.47,111.42,385.31,-1,-1,-1,-1
307,9,1281.31,349.79,116.55,387.01,-1,-1,-1,-1
308,9,1285.12,352.05,112.38,382.57,-1,-1,-1,-1
309,9,1292.55,355.73,108.25,377.38,-1,-1,-1,-1
310,9,1294.72,356.20,107.21,376.90,-1,-1,-1,-1
311,9,1295.06,359.45,107.45,372.60,-1,-1,-1,-1
312,9,1299.25,360.37,110.52,371.40,-1,-1,-1,-1
313,9,1299.66,362.19,112.00,367.94,-1,-1,-1,-1
314,9,1301.76,364.00,111.33,363.54,-1,-1,-1,-1
315,9,1307.80,367.65,108.41,365.68,-1,-1,-1,-1
316,9,1308.03,363.92,110.92,362.78,-1,-1,-1,-1
317,9,1310.76,362.32,107.80,364.32,-1,-1,-1,-1
318,9,1311.64,362.45,107.99,362.71,-1,-1,-1,-1
319,9,1317.64,362.91,107.03,360.61,-1,-1,-1,-1
320,9,1319.19,364.18,107.09,358.29,-1,-1,-1,-1
321,9,1320.50,365.54,105.91,356.35,-1,-1,-1,-1
322,9,1327.93,364.36,103.21,360.42,-1,-1,-1,-1
323,9,1329.13,366.15,102.66,358.88,-1,-1,-1,-1
324,9,1327.96,366.33,106.05,358.59,-1,-1,-1,-1
325,9,1325.94,366.06,109.93,359.78,-1,-1,-1,-1
326,9,1331.54,368.22,110.67,354.85,-1,-1,-1,-1
327,9,1333.00,373.27,109.60,353.45,-1,-1,-1,-1
328,9,1334.31,375.45,108.96,349.06,-1,-1,-1,-1
329,9,1340.70,375.86,111.20,348.11,-1,-1,-1,-1
330,9,1348.28,375.00,109.08,342.22,-1,-1,-1,-1
331,9,1348.69,376.38,110.11,347.11,-1,-1,-1,-1
332,9,1350.67,373.60,108.12,354.40,-1,-1,-1,-1
333,9,1356.94,374.39,108.28,341.78,-1,-1,-1,-1
334,9,1359.78,373.66,105.01,342.83,-1,-1,-1,-1
335,9,1361.43,373.00,101.90,341.93,-1,-1,-1,-1
336,9,1364.00,373.81,97.42,338.94,-1,-1,-1,-1
337,9,1364.87,375.05,95.33,337.05,-1,-1,-1,-1
338,9,1365.05,377.12,95.30,334.27,-1,-1,-1,-1
339,9,1370.72,379.00,96.31,330.98,-1,-1,-1,-1
286,10,1414.01,434.11,91.62,267.25,-1,-1,-1,-1
287,10,1415.53,437.78,90.85,260.26,-1,-1,-1,-1
288,10,1423.80,438.78,85.09,258.60,-1,-1,-1,-1
289,10,1425.92,430.34,83.47,261.76,-1,-1,-1,-1
290,10,1435.29,434.73,78.75,252.19,-1,-1,-1,-1
301,11,1205.76,412.11,106.68,343.39,-1,-1,-1,-1
302,11,1200.59,411.60,102.77,328.01,-1,-1,-1,-1
303,11,1202.50,409.60,99.30,317.44,-1,-1,-1,-1
304,11,1205.72,409.13,94.45,302.45,-1,-1,-1,-1
303,12,1597.69,523.04,79.05,182.27,-1,-1,-1,-1
304,12,1602.31,516.85,82.14,184.64,-1,-1,-1,-1
305,12,1600.97,514.49,83.66,187.56,-1,-1,-1,-1
306,12,1594.43,512.97,84.97,187.27,-1,-1,-1,-1
307,12,1592.92,503.43,84.92,194.99,-1,-1,-1,-1
308,12,1591.68,497.16,85.91,203.80,-1,-1,-1,-1
309,12,1592.54,488.93,86.01,210.47,-1,-1,-1,-1
310,12,1590.06,485.97,89.54,214.89,-1,-1,-1,-1
311,12,1589.59,484.29,89.15,216.60,-1,-1,-1,-1
312,12,1588.69,477.25,92.67,226.04,-1,-1,-1,-1
313,12,1584.71,476.71,99.74,225.77,-1,-1,-1,-1
314,12,1582.57,469.33,103.89,232.31,-1,-1,-1,-1
315,12,1577.52,468.70,104.44,233.25,-1,-1,-1,-1
316,12,1575.67,466.59,105.98,236.34,-1,-1,-1,-1
317,12,1575.15,463.18,108.12,241.72,-1,-1,-1,-1
318,12,1575.95,461.83,107.20,243.37,-1,-1,-1,-1
319,12,1577.89,458.74,103.02,246.22,-1,-1,-1,-1
320,12,1583.85,450.58,100.77,251.79,-1,-1,-1,-1
321,12,1583.40,448.10,101.09,254.50,-1,-1,-1,-1
322,12,1579.46,444.59,99.84,259.15,-1,-1,-1,-1
323,12,1579.58,442.51,98.76,262.20,-1,-1,-1,-1
324,12,1579.40,434.56,98.71,268.35,-1,-1,-1,-1
325,12,1579.37,432.08,99.32,270.72,-1,-1,-1,-1
326,12,1576.56,429.66,104.48,275.08,-1,-1,-1,-1
327,12,1576.97,424.44,104.65,281.73,-1,-1,-1,-1
328,12,1582.24,419.17,104.11,283.50,-1,-1,-1,-1
329,12,1584.43,414.66,102.68,289.62,-1,-1,-1,-1
330,12,1583.14,412.64,105.10,291.59,-1,-1,-1,-1
331,12,1584.41,412.03,104.52,291.58,-1,-1,-1,-1
332,12,1592.64,409.85,101.90,289.70,-1,-1,-1,-1
333,12,1598.54,408.89,103.73,290.66,-1,-1,-1,-1
334,12,1601.78,409.15,102.06,295.34,-1,-1,-1,-1
335,12,1606.88,408.52,102.90,291.87,-1,-1,-1,-1
336,12,1611.91,409.84,96.01,287.42,-1,-1,-1,-1
337,12,1613.79,407.29,93.03,293.98,-1,-1,-1,-1
338,12,1616.27,407.42,90.27,292.32,-1,-1,-1,-1
339,12,1620.75,408.52,92.67,290.57,-1,-1,-1,-1
340,12,1629.47,410.40,89.72,285.23,-1,-1,-1,-1
341,12,1634.32,409.39,96.08,285.76,-1,-1,-1,-1
342,12,1635.99,407.75,97.45,291.85,-1,-1,-1,-1
343,12,1642.06,408.11,97.30,290.28,-1,-1,-1,-1
344,12,1648.28,408.76,101.68,300.12,-1,-1,-1,-1
345,12,1658.53,407.67,97.81,302.31,-1,-1,-1,-1
346,12,1660.68,404.86,93.58,296.80,-1,-1,-1,-1
347,12,1669.02,403.16,93.87,300.16,-1,-1,-1,-1
348,12,1671.70,399.92,104.36,306.46,-1,-1,-1,-1
349,12,1676.37,399.55,110.98,317.45,-1,-1,-1,-1
350,12,1683.26,398.14,112.06,310.41,-1,-1,-1,-1
351,12,1683.01,397.54,115.98,308.10,-1,-1,-1,-1
352,12,1690.92,397.33,114.21,313.00,-1,-1,-1,-1
353,12,1699.13,398.74,112.27,310.92,-1,-1,-1,-1
354,12,1705.85,397.95,113.06,313.38,-1,-1,-1,-1
355,12,1705.25,397.77,118.65,313.46,-1,-1,-1,-1
356,12,1711.07,398.44,120.18,317.04,-1,-1,-1,-1
357,12,1713.57,397.53,119.25,319.45,-1,-1,-1,-1
358,12,1712.78,394.95,119.75,324.72,-1,-1,-1,-1
359,12,1716.61,391.93,124.30,324.13,-1,-1,-1,-1
360,12,1716.76,390.21,126.68,327.08,-1,-1,-1,-1
361,12,1727.09,388.41,121.42,328.49,-1,-1,-1,-1
362,12,1736.56,388.75,116.29,327.95,-1,-1,-1,-1
363,12,1737.01,386.20,118.64,331.23,-1,-1,-1,-1
364,12,1740.81,385.12,125.62,335.29,-1,-1,-1,-1
365,12,1750.58,386.23,124.12,329.87,-1,-1,-1,-1
366,12,1755.67,385.83,128.37,331.51,-1,-1,-1,-1
367,12,1761.52,384.75,132.46,334.56,-1,-1,-1,-1
368,12,1768.22,387.99,133.38,328.39,-1,-1,-1,-1
369,12,1769.27,385.56,135.88,333.01,-1,-1,-1,-1
370,12,1777.44,385.21,133.31,336.66,-1,-1,-1,-1
371,12,1780.87,385.96,129.68,334.74,-1,-1,-1,-1
372,12,1786.92,384.57,130.60,336.88,-1,-1,-1,-1
373,12,1790.66,384.62,131.33,337.51,-1,-1,-1,-1
374,12,1794.25,384.89,129.09,336.49,-1,-1,-1,-1
375,12,1795.15,381.23,127.78,341.64,-1,-1,-1,-1
376,12,1801.68,380.10,130.08,341.68,-1,-1,-1,-1
377,12,1807.83,379.24,130.16,344.05,-1,-1,-1,-1
378,12,1809.96,379.22,126.32,345.66,-1,-1,-1,-1
379,12,1810.62,376.08,132.10,354.58,-1,-1,-1,-1
380,12,1821.42,376.47,125.47,350.24,-1,-1,-1,-1
381,12,1825.45,375.21,123.44,352.35,-1,-1,-1,-1
382,12,1834.72,375.99,115.33,350.21,-1,-1,-1,-1
383,12,1837.59,372.97,126.02,357.47,-1,-1,-1,-1
384,12,1840.57,372.68,129.46,359.83,-1,-1,-1,-1
385,12,1844.47,369.99,133.84,364.39,-1,-1,-1,-1
386,12,1850.10,371.87,127.58,363.79,-1,-1,-1,-1
387,12,1854.49,373.76,132.94,358.92,-1,-1,-1,-1
388,12,1857.77,372.82,132.57,356.66,-1,-1,-1,-1
389,12,1859.74,368.90,131.60,351.38,-1,-1,-1,-1
390,12,1868.33,373.26,121.17,325.92,-1,-1,-1,-1
310,13,1347.14,396.22,97.03,311.26,-1,-1,-1,-1
312,14,1889.50,425.53,89.42,203.13,-1,-1,-1,-1
313,14,1888.79,427.13,70.67,191.34,-1,-1,-1,-1
314,14,1888.65,424.53,73.62,194.93,-1,-1,-1,-1
315,14,1888.88,424.36,71.29,193.66,-1,-1,-1,-1
316,14,1888.53,424.16,73.76,194.00,-1,-1,-1,-1
317,14,1888.80,425.19,73.70,193.07,-1,-1,-1,-1
318,14,1887.74,426.55,75.42,193.15,-1,-1,-1,-1
319,14,1887.53,428.02,79.17,198.64,-1,-1,-1,-1
320,14,1887.45,428.15,78.94,198.80,-1,-1,-1,-1
321,14,1886.02,432.00,73.99,190.82,-1,-1,-1,-1
322,14,1887.14,433.85,71.86,186.87,-1,-1,-1,-1
323,14,1887.46,434.17,72.72,186.33,-1,-1,-1,-1
324,14,1886.14,434.61,71.16,185.59,-1,-1,-1,-1
325,14,1886.80,435.41,68.88,183.71,-1,-1,-1,-1
326,14,1888.27,435.88,67.03,182.55,-1,-1,-1,-1
327,14,1888.44,435.99,67.25,182.22,-1,-1,-1,-1
328,14,1888.95,436.58,65.13,180.64,-1,-1,-1,-1
329,14,1889.31,435.84,66.87,181.90,-1,-1,-1,-1
330,14,1889.79,436.13,67.53,182.02,-1,-1,-1,-1
331,14,1890.55,437.21,65.06,180.49,-1,-1,-1,-1
332,14,1897.62,437.40,61.11,183.16,-1,-1,-1,-1
333,14,1899.02,436.18,60.97,185.80,-1,-1,-1,-1
334,14,1901.19,433.92,66.44,192.12,-1,-1,-1,-1
335,14,1903.08,438.12,58.72,182.27,-1,-1,-1,-1
336,14,1905.78,438.19,60.56,185.28,-1,-1,-1,-1
317,15,1187.98,401.67,112.96,317.32,-1,-1,-1,-1
318,15,1189.94,403.14,108.35,313.62,-1,-1,-1,-1
319,15,1189.39,402.30,105.71,313.83,-1,-1,-1,-1
320,15,1185.05,401.52,103.63,312.52,-1,-1,-1,-1
321,15,1184.26,401.63,103.19,314.64,-1,-1,-1,-1
322,15,1179.03,401.81,101.98,317.02,-1,-1,-1,-1
323,15,1179.07,403.30,100.07,316.79,-1,-1,-1,-1
324,15,1178.47,406.45,100.57,317.21,-1,-1,-1,-1
325,15,1177.87,403.82,100.26,317.47,-1,-1,-1,-1
326,15,1175.94,403.86,102.49,317.56,-1,-1,-1,-1
327,15,1174.41,402.45,103.94,319.91,-1,-1,-1,-1
328,15,1168.80,399.69,105.88,323.01,-1,-1,-1,-1
329,15,1166.04,397.71,109.46,326.11,-1,-1,-1,-1
330,15,1163.06,395.56,111.13,329.52,-1,-1,-1,-1
331,15,1160.20,393.89,115.50,332.72,-1,-1,-1,-1
332,15,1159.53,392.48,117.26,336.48,-1,-1,-1,-1
333,15,1155.83,388.92,116.12,343.57,-1,-1,-1,-1
334,15,1155.41,389.60,114.81,342.56,-1,-1,-1,-1
335,15,1153.80,390.75,115.94,342.12,-1,-1,-1,-1
336,15,1153.11,390.53,115.76,342.42,-1,-1,-1,-1
337,15,1152.53,391.49,116.22,341.07,-1,-1,-1,-1
338,15,1151.58,395.17,118.99,340.54,-1,-1,-1,-1
339,15,1150.86,393.92,119.81,343.87,-1,-1,-1,-1
340,15,1152.79,392.95,117.78,345.83,-1,-1,-1,-1
341,15,1151.12,387.56,120.24,348.52,-1,-1,-1,-1
342,15,1147.66,384.92,125.17,352.70,-1,-1,-1,-1
343,15,1148.80,382.18,125.08,357.72,-1,-1,-1,-1
344,15,1145.64,379.91,128.92,360.68,-1,-1,-1,-1
345,15,1139.05,377.41,133.46,365.33,-1,-1,-1,-1
346,15,1137.65,378.27,135.17,365.40,-1,-1,-1,-1
347,15,1138.01,379.47,133.85,365.15,-1,-1,-1,-1
348,15,1138.49,382.70,131.62,365.16,-1,-1,-1,-1
349,15,1137.50,381.96,132.11,367.55,-1,-1,-1,-1
350,15,1135.50,383.32,132.52,366.12,-1,-1,-1,-1
351,15,1132.34,383.52,130.44,366.52,-1,-1,-1,-1
352,15,1129.15,380.98,131.94,370.86,-1,-1,-1,-1
353,15,1127.08,378.91,133.99,374.57,-1,-1,-1,-1
354,15,1121.02,376.22,135.23,378.44,-1,-1,-1,-1
355,15,1119.97,371.69,133.52,381.90,-1,-1,-1,-1
356,15,1120.25,370.15,131.69,385.09,-1,-1,-1,-1
357,15,1114.80,372.37,133.34,386.86,-1,-1,-1,-1
358,15,1112.80,370.13,135.55,391.02,-1,-1,-1,-1
359,15,1109.98,369.16,139.68,393.32,-1,-1,-1,-1
360,15,1109.56,368.90,136.58,396.58,-1,-1,-1,-1
361,15,1102.21,368.51,142.19,398.78,-1,-1,-1,-1
362,15,1096.98,369.45,149.68,398.53,-1,-1,-1,-1
363,15,1095.94,369.79,152.06,398.84,-1,-1,-1,-1
364,15,1096.20,368.95,151.11,401.23,-1,-1,-1,-1
365,15,1092.18,366.69,156.53,403.71,-1,-1,-1,-1
366,15,1082.33,364.73,164.72,406.44,-1,-1,-1,-1
367,15,1082.00,360.51,164.47,413.73,-1,-1,-1,-1
368,15,1082.58,357.20,163.05,419.07,-1,-1,-1,-1
369,15,1082.59,354.76,161.30,424.09,-1,-1,-1,-1
370,15,1075.43,352.05,163.63,429.93,-1,-1,-1,-1
371,15,1074.85,352.18,163.87,430.28,-1,-1,-1,-1
372,15,1070.84,350.64,167.90,431.73,-1,-1,-1,-1
373,15,1063.73,351.51,170.69,430.68,-1,-1,-1,-1
374,15,1062.80,351.88,171.73,431.35,-1,-1,-1,-1
375,15,1062.73,352.46,167.60,431.23,-1,-1,-1,-1
376,15,1056.63,351.28,166.61,434.88,-1,-1,-1,-1
377,15,1056.97,350.26,163.59,435.78,-1,-1,-1,-1
378,15,1049.44,347.52,165.85,441.70,-1,-1,-1,-1
379,15,1049.10,344.83,162.41,446.89,-1,-1,-1,-1
380,15,1045.53,341.82,156.77,452.48,-1,-1,-1,-1
381,15,1045.41,339.87,153.99,456.11,-1,-1,-1,-1
382,15,1040.28,336.22,152.78,462.86,-1,-1,-1,-1
383,15,1037.43,333.86,154.79,469.01,-1,-1,-1,-1
384,15,1028.05,331.82,160.14,471.68,-1,-1,-1,-1
385,15,1016.79,332.88,166.96,470.74,-1,-1,-1,-1
386,15,1003.55,334.10,177.79,468.88,-1,-1,-1,-1
387,15,1002.42,332.12,179.65,473.36,-1,-1,-1,-1
388,15,991.37,330.20,187.19,478.35,-1,-1,-1,-1
389,15,987.13,328.48,191.54,482.34,-1,-1,-1,-1
390,15,982.03,330.16,188.84,489.59,-1,-1,-1,-1
391,15,982.76,328.40,185.46,491.88,-1,-1,-1,-1
392,15,976.72,321.89,183.78,495.86,-1,-1,-1,-1
393,15,974.77,318.30,184.70,501.62,-1,-1,-1,-1
394,15,969.03,318.31,183.63,502.22,-1,-1,-1,-1
395,15,961.36,316.71,182.04,514.67,-1,-1,-1,-1
396,15,955.95,316.82,189.70,514.44,-1,-1,-1,-1
397,15,946.14,315.08,193.09,518.12,-1,-1,-1,-1
398,15,937.28,316.89,196.32,516.62,-1,-1,-1,-1
399,15,927.54,316.23,200.43,519.86,-1,-1,-1,-1
400,15,917.33,317.54,204.82,518.74,-1,-1,-1,-1
401,15,909.42,315.88,205.46,521.56,-1,-1,-1,-1
402,15,898.81,314.15,211.24,525.87,-1,-1,-1,-1
403,15,891.63,312.33,209.71,530.21,-1,-1,-1,-1
404,15,884.64,312.21,207.59,540.34,-1,-1,-1,-1
405,15,879.61,304.34,200.12,545.80,-1,-1,-1,-1
406,15,875.90,302.69,192.09,549.60,-1,-1,-1,-1
407,15,870.85,299.59,184.84,556.20,-1,-1,-1,-1
408,15,862.00,300.10,187.00,564.93,-1,-1,-1,-1
409,15,852.80,293.44,189.82,567.93,-1,-1,-1,-1
410,15,830.80,296.96,203.17,572.71,-1,-1,-1,-1
411,15,823.63,296.01,201.94,576.13,-1,-1,-1,-1
412,15,822.98,294.83,200.34,579.84,-1,-1,-1,-1
413,15,813.36,295.03,205.20,591.63,-1,-1,-1,-1
414,15,791.76,295.25,216.73,591.68,-1,-1,-1,-1
415,15,781.02,285.01,220.93,598.59,-1,-1,-1,-1
416,15,770.96,282.45,225.35,603.42,-1,-1,-1,-1
417,15,747.60,278.60,241.25,613.95,-1,-1,-1,-1
418,15,740.66,272.42,253.98,623.96,-1,-1,-1,-1
419,15,731.30,269.83,257.17,626.91,-1,-1,-1,-1
420,15,729.16,264.34,244.68,638.38,-1,-1,-1,-1
421,15,714.15,264.59,241.90,637.30,-1,-1,-1,-1
422,15,698.96,263.75,240.61,638.92,-1,-1,-1,-1
423,15,677.83,263.77,252.08,642.07,-1,-1,-1,-1
424,15,664.41,268.74,261.75,645.73,-1,-1,-1,-1
425,15,645.77,265.73,269.20,653.36,-1,-1,-1,-1
426,15,631.67,264.87,281.08,655.31,-1,-1,-1,-1
427,15,620.62,261.54,287.24,663.01,-1,-1,-1,-1
428,15,613.21,260.99,284.41,676.55,-1,-1,-1,-1
429,15,602.69,257.81,275.06,682.71,-1,-1,-1,-1
430,15,593.22,253.08,261.04,690.65,-1,-1,-1,-1
431,15,583.38,245.21,249.43,695.52,-1,-1,-1,-1
432,15,568.11,244.22,248.38,697.07,-1,-1,-1,-1
433,15,558.77,237.27,249.25,710.96,-1,-1,-1,-1
434,15,543.42,237.71,249.02,721.91,-1,-1,-1,-1
435,15,540.82,239.84,237.78,734.44,-1,-1,-1,-1
436,15,522.36,237.71,243.76,737.72,-1,-1,-1,-1
437,15,512.38,235.66,247.07,743.20,-1,-1,-1,-1
438,15,493.95,236.42,251.54,756.79,-1,-1,-1,-1
439,15,488.94,237.69,246.45,755.52,-1,-1,-1,-1
440,15,471.56,234.72,248.82,760.30,-1,-1,-1,-1
441,15,457.19,229.70,246.34,769.71,-1,-1,-1,-1
442,15,451.00,223.54,241.62,769.23,-1,-1,-1,-1
443,15,435.87,212.17,240.19,792.30,-1,-1,-1,-1
444,15,418.24,207.83,244.16,799.61,-1,-1,-1,-1
445,15,372.16,196.20,271.35,823.07,-1,-1,-1,-1
446,15,323.52,202.63,305.40,810.44,-1,-1,-1,-1
447,15,303.08,196.39,329.14,821.98,-1,-1,-1,-1
448,15,266.87,196.37,353.82,822.17,-1,-1,-1,-1
449,15,239.78,200.15,375.28,828.35,-1,-1,-1,-1
450,15,225.36,195.48,387.43,839.56,-1,-1,-1,-1
451,15,206.88,194.83,393.05,840.85,-1,-1,-1,-1
452,15,189.76,189.68,411.16,850.49,-1,-1,-1,-1
453,15,134.21,184.02,441.68,860.64,-1,-1,-1,-1
454,15,97.84,177.06,465.94,873.75,-1,-1,-1,-1
455,15,73.48,172.30,450.54,899.39,-1,-1,-1,-1
456,15,60.32,161.25,430.01,908.13,-1,-1,-1,-1
457,15,59.13,153.58,401.08,924.53,-1,-1,-1,-1
458,15,16.75,145.48,403.35,950.15,-1,-1,-1,-1
459,15,-5.19,145.89,413.44,981.38,-1,-1,-1,-1
460,15,-4.56,150.06,414.04,967.85,-1,-1,-1,-1
461,15,-33.73,150.55,451.56,956.50,-1,-1,-1,-1
462,15,-55.09,140.96,493.97,980.80,-1,-1,-1,-1
463,15,-121.03,141.45,530.68,1015.85,-1,-1,-1,-1
464,15,-149.34,132.97,535.95,1030.79,-1,-1,-1,-1
465,15,-199.52,126.89,559.62,1050.97,-1,-1,-1,-1
466,15,-201.76,117.36,529.75,1061.80,-1,-1,-1,-1
467,15,-197.36,113.49,509.72,1059.68,-1,-1,-1,-1
468,15,-196.29,102.60,491.67,1053.40,-1,-1,-1,-1
469,15,-230.23,102.08,526.91,1062.64,-1,-1,-1,-1
470,15,-302.45,86.89,578.40,1089.11,-1,-1,-1,-1
318,16,1377.41,404.44,115.53,293.21,-1,-1,-1,-1
319,16,1380.89,406.53,110.07,289.14,-1,-1,-1,-1
339,17,1581.93,408.34,90.66,273.91,-1,-1,-1,-1
340,17,1580.76,409.64,94.89,285.70,-1,-1,-1,-1
341,17,1578.29,412.46,100.59,282.20,-1,-1,-1,-1
342,17,1586.74,420.14,98.21,278.24,-1,-1,-1,-1
343,17,1587.62,422.60,95.68,273.43,-1,-1,-1,-1
344,17,1591.90,423.73,89.84,269.44,-1,-1,-1,-1
345,17,1599.49,425.34,86.13,267.11,-1,-1,-1,-1
346,17,1599.69,421.90,88.31,262.98,-1,-1,-1,-1
347,17,1604.44,423.23,91.87,257.64,-1,-1,-1,-1
348,17,1605.56,424.13,90.42,253.23,-1,-1,-1,-1
349,17,1608.88,423.66,86.80,251.27,-1,-1,-1,-1
350,17,1612.43,418.90,90.85,254.18,-1,-1,-1,-1
351,17,1613.25,420.43,92.46,252.08,-1,-1,-1,-1
352,17,1611.73,422.43,98.24,247.67,-1,-1,-1,-1
353,17,1617.72,421.61,97.18,247.80,-1,-1,-1,-1
354,17,1619.93,418.28,96.38,252.28,-1,-1,-1,-1
355,17,1619.71,419.56,99.28,251.95,-1,-1,-1,-1
356,17,1626.32,425.37,97.61,248.34,-1,-1,-1,-1
357,17,1628.16,435.66,97.37,232.61,-1,-1,-1,-1
358,17,1628.18,433.88,99.13,234.23,-1,-1,-1,-1
359,17,1633.46,434.56,99.49,233.21,-1,-1,-1,-1
360,17,1642.19,433.44,97.08,234.61,-1,-1,-1,-1
361,17,1648.13,427.41,100.04,235.62,-1,-1,-1,-1
362,17,1651.79,424.02,97.06,240.29,-1,-1,-1,-1
363,17,1653.49,424.63,96.20,238.89,-1,-1,-1,-1
364,17,1658.04,423.90,97.80,241.14,-1,-1,-1,-1
365,17,1661.78,422.89,95.10,244.42,-1,-1,-1,-1
366,17,1666.69,424.88,96.13,237.76,-1,-1,-1,-1
367,17,1668.99,423.02,96.64,238.71,-1,-1,-1,-1
368,17,1672.21,421.95,100.26,240.30,-1,-1,-1,-1
369,17,1674.36,423.17,99.87,239.33,-1,-1,-1,-1
370,17,1680.46,424.91,98.94,236.81,-1,-1,-1,-1
371,17,1682.13,426.01,98.13,235.55,-1,-1,-1,-1
372,17,1683.31,432.00,98.78,226.33,-1,-1,-1,-1
373,17,1684.69,428.89,96.63,230.81,-1,-1,-1,-1
374,17,1684.39,427.05,97.65,232.94,-1,-1,-1,-1
375,17,1689.19,426.14,98.27,233.08,-1,-1,-1,-1
376,17,1692.15,424.68,95.30,236.88,-1,-1,-1,-1
377,17,1695.29,423.98,89.20,238.20,-1,-1,-1,-1
378,17,1695.50,421.92,87.70,241.31,-1,-1,-1,-1
379,17,1699.53,417.81,82.63,239.45,-1,-1,-1,-1
380,17,1703.95,415.27,87.80,244.23,-1,-1,-1,-1
381,17,1709.38,418.52,90.22,236.65,-1,-1,-1,-1
382,17,1709.41,416.50,92.69,240.41,-1,-1,-1,-1
383,17,1708.75,417.38,94.63,238.85,-1,-1,-1,-1
384,17,1705.56,416.38,102.20,240.31,-1,-1,-1,-1
385,17,1705.43,420.12,102.66,234.37,-1,-1,-1,-1
386,17,1706.58,415.98,100.78,240.99,-1,-1,-1,-1
387,17,1716.67,428.43,94.86,227.86,-1,-1,-1,-1
388,17,1727.36,431.68,85.45,220.95,-1,-1,-1,-1
389,17,1730.06,426.28,84.42,222.79,-1,-1,-1,-1
390,17,1735.68,427.64,85.44,221.39,-1,-1,-1,-1
391,17,1738.56,426.80,84.33,221.86,-1,-1,-1,-1
392,17,1738.88,423.45,83.99,226.88,-1,-1,-1,-1
393,17,1736.93,422.03,87.92,229.02,-1,-1,-1,-1
394,17,1737.88,422.82,86.22,226.26,-1,-1,-1,-1
348,18,1502.21,386.14,106.92,313.96,-1,-1,-1,-1
349,18,1501.02,386.10,111.05,313.33,-1,-1,-1,-1
350,18,1501.84,384.88,109.80,315.04,-1,-1,-1,-1
351,18,1512.70,389.66,103.61,305.43,-1,-1,-1,-1
352,18,1523.01,391.82,96.28,300.68,-1,-1,-1,-1
353,18,1526.18,383.75,91.85,306.50,-1,-1,-1,-1
354,18,1527.44,383.06,90.76,305.74,-1,-1,-1,-1
355,18,1534.49,382.62,90.71,303.85,-1,-1,-1,-1
356,18,1534.43,382.69,92.56,303.60,-1,-1,-1,-1
359,19,1546.81,383.56,112.84,301.30,-1,-1,-1,-1
360,19,1396.68,392.67,109.20,318.17,-1,-1,-1,-1
361,19,1396.96,386.05,110.42,318.53,-1,-1,-1,-1
362,19,1399.95,388.61,105.25,311.59,-1,-1,-1,-1
363,19,1404.64,387.73,109.43,313.16,-1,-1,-1,-1
364,19,1413.11,386.90,108.64,317.25,-1,-1,-1,-1
360,20,1554.30,383.61,114.00,291.78,-1,-1,-1,-1
361,20,1555.14,387.05,113.85,295.69,-1,-1,-1,-1
362,20,1566.09,389.58,106.04,290.38,-1,-1,-1,-1
363,20,1569.30,392.17,101.89,285.65,-1,-1,-1,-1
364,20,1570.77,392.27,99.47,285.41,-1,-1,-1,-1
365,20,1577.57,394.38,98.34,280.94,-1,-1,-1,-1
366,20,1579.28,394.92,97.40,279.78,-1,-1,-1,-1
367,20,1588.30,388.58,93.20,279.76,-1,-1,-1,-1
365,21,-169.37,233.24,296.95,764.63,-1,-1,-1,-1
366,21,-134.67,225.56,292.22,779.58,-1,-1,-1,-1
366,22,-141.57,220.92,355.19,771.67,-1,-1,-1,-1
367,22,-78.30,227.11,325.71,744.47,-1,-1,-1,-1
368,22,-32.24,228.35,298.70,743.87,-1,-1,-1,-1
369,22,-6.76,225.31,288.38,749.02,-1,-1,-1,-1
370,22,14.49,233.32,294.36,748.09,-1,-1,-1,-1
371,22,24.50,236.14,309.17,741.46,-1,-1,-1,-1
372,22,50.04,246.20,339.64,721.44,-1,-1,-1,-1
373,22,55.20,254.45,361.17,705.03,-1,-1,-1,-1
374,22,56.97,259.85,373.17,694.89,-1,-1,-1,-1
375,22,76.65,262.65,365.85,688.83,-1,-1,-1,-1
376,22,105.73,261.88,355.56,674.45,-1,-1,-1,-1
377,22,139.37,263.13,337.08,656.38,-1,-1,-1,-1
378,22,172.69,258.16,317.86,666.83,-1,-1,-1,-1
379,22,209.95,260.59,292.02,662.86,-1,-1,-1,-1
380,22,258.28,263.97,259.70,657.20,-1,-1,-1,-1
381,22,302.15,266.49,235.40,636.56,-1,-1,-1,-1
382,22,335.15,267.09,218.28,648.29,-1,-1,-1,-1
383,22,353.82,268.00,211.25,633.16,-1,-1,-1,-1
384,22,367.71,276.94,216.10,629.43,-1,-1,-1,-1
385,22,379.32,284.63,240.68,629.63,-1,-1,-1,-1
386,22,380.55,288.32,254.19,621.79,-1,-1,-1,-1
387,22,380.47,292.21,271.49,614.47,-1,-1,-1,-1
388,22,397.26,295.27,268.67,594.61,-1,-1,-1,-1
389,22,416.77,300.39,262.09,583.51,-1,-1,-1,-1
390,22,448.75,300.09,245.50,568.85,-1,-1,-1,-1
391,22,472.38,300.79,230.03,567.19,-1,-1,-1,-1
392,22,500.74,302.34,207.43,562.63,-1,-1,-1,-1
393,22,521.71,301.78,197.41,562.85,-1,-1,-1,-1
394,22,542.71,300.29,186.04,553.55,-1,-1,-1,-1
395,22,561.24,298.95,180.57,556.23,-1,-1,-1,-1
396,22,569.26,304.64,182.72,545.85,-1,-1,-1,-1
397,22,584.93,304.86,197.74,543.59,-1,-1,-1,-1
398,22,587.93,312.61,207.82,541.08,-1,-1,-1,-1
399,22,599.18,316.98,216.47,531.71,-1,-1,-1,-1
400,22,601.87,317.39,226.97,531.30,-1,-1,-1,-1
401,22,607.01,321.29,232.60,523.00,-1,-1,-1,-1
402,22,626.23,318.32,226.30,516.92,-1,-1,-1,-1
403,22,638.44,321.67,218.89,508.53,-1,-1,-1,-1
404,22,647.56,322.58,217.64,505.11,-1,-1,-1,-1
405,22,679.48,323.36,201.37,503.28,-1,-1,-1,-1
406,22,699.07,323.51,193.07,502.89,-1,-1,-1,-1
407,22,720.98,320.56,182.41,498.96,-1,-1,-1,-1
408,22,741.02,322.79,173.63,494.65,-1,-1,-1,-1
409,22,756.31,329.36,159.20,490.09,-1,-1,-1,-1
410,22,769.08,331.76,149.23,487.09,-1,-1,-1,-1
369,23,1586.64,385.67,99.31,284.32,-1,-1,-1,-1
370,23,1434.89,392.97,113.22,303.37,-1,-1,-1,-1
370,24,1595.65,388.34,94.56,293.22,-1,-1,-1,-1
371,24,1598.19,387.95,92.98,293.44,-1,-1,-1,-1
372,24,1439.80,398.95,105.67,290.22,-1,-1,-1,-1
373,24,1446.04,397.71,107.69,292.52,-1,-1,-1,-1
374,24,1450.57,395.18,112.64,300.27,-1,-1,-1,-1
375,24,1452.60,393.79,124.86,302.27,-1,-1,-1,-1
376,24,1468.26,407.56,126.03,289.56,-1,-1,-1,-1
377,24,1467.32,408.66,130.30,286.31,-1,-1,-1,-1
378,24,1468.90,408.07,128.66,285.89,-1,-1,-1,-1
379,24,1479.90,409.13,117.92,283.10,-1,-1,-1,-1
372,25,1606.26,384.97,91.87,289.06,-1,-1,-1,-1
373,25,1614.57,390.04,88.51,289.80,-1,-1,-1,-1
374,25,1615.10,388.36,91.01,281.72,-1,-1,-1,-1
375,25,1620.55,392.63,94.75,272.69,-1,-1,-1,-1
376,25,1456.26,395.16,118.29,298.33,-1,-1,-1,-1
377,25,1456.30,397.37,118.63,291.45,-1,-1,-1,-1
378,25,1457.46,394.63,115.29,285.15,-1,-1,-1,-1
379,25,1459.16,394.80,111.50,283.56,-1,-1,-1,-1
380,25,1461.93,394.36,109.48,285.53,-1,-1,-1,-1
381,25,1466.00,393.25,113.18,289.11,-1,-1,-1,-1
382,25,1469.01,393.77,110.05,289.02,-1,-1,-1,-1
383,25,1470.81,397.24,107.29,290.87,-1,-1,-1,-1
384,25,1471.52,397.16,106.27,291.06,-1,-1,-1,-1
385,25,1476.42,396.47,108.79,295.06,-1,-1,-1,-1
386,25,1477.77,399.09,109.00,289.68,-1,-1,-1,-1
387,25,1486.64,399.24,104.64,287.62,-1,-1,-1,-1
388,25,1490.76,398.32,100.12,289.94,-1,-1,-1,-1
389,25,1497.31,398.74,102.24,291.89,-1,-1,-1,-1
390,25,1505.27,397.96,101.42,291.63,-1,-1,-1,-1
391,25,1513.07,401.49,102.01,285.58,-1,-1,-1,-1
392,25,1522.25,414.08,102.35,272.68,-1,-1,-1,-1
393,25,1530.11,405.37,98.72,279.74,-1,-1,-1,-1
394,25,1532.86,402.25,96.49,279.69,-1,-1,-1,-1
395,25,1539.81,402.07,99.42,281.25,-1,-1,-1,-1
396,25,1545.14,403.57,97.41,279.05,-1,-1,-1,-1
397,25,1547.13,404.42,98.43,277.82,-1,-1,-1,-1
398,25,1548.25,403.71,98.68,278.62,-1,-1,-1,-1
399,25,1553.72,407.58,96.83,273.68,-1,-1,-1,-1
400,25,1553.84,404.72,100.33,277.87,-1,-1,-1,-1
401,25,1555.41,406.44,99.88,275.43,-1,-1,-1,-1
402,25,1562.11,408.71,100.48,270.58,-1,-1,-1,-1
403,25,1569.05,409.81,98.43,269.19,-1,-1,-1,-1
404,25,1571.40,410.02,97.76,269.64,-1,-1,-1,-1
405,25,1573.30,413.33,97.12,263.31,-1,-1,-1,-1
406,25,1580.33,413.63,93.12,262.44,-1,-1,-1,-1
407,25,1586.60,412.83,97.01,260.96,-1,-1,-1,-1
408,25,1588.92,413.12,95.69,261.20,-1,-1,-1,-1
409,25,1592.31,412.21,101.50,261.10,-1,-1,-1,-1
410,25,1592.96,409.90,104.05,264.44,-1,-1,-1,-1
411,25,1596.45,412.10,110.41,260.19,-1,-1,-1,-1
412,25,1604.62,412.90,107.73,258.60,-1,-1,-1,-1
413,25,1607.44,411.08,105.75,261.15,-1,-1,-1,-1
414,25,1614.71,412.40,104.33,258.39,-1,-1,-1,-1
415,25,1617.77,406.76,101.99,262.64,-1,-1,-1,-1
416,25,1625.82,410.29,101.03,262.68,-1,-1,-1,-1
417,25,1630.67,407.27,105.19,261.35,-1,-1,-1,-1
418,25,1631.58,408.05,104.47,259.73,-1,-1,-1,-1
419,25,1632.00,404.73,103.68,264.15,-1,-1,-1,-1
420,25,1637.11,404.83,108.27,263.72,-1,-1,-1,-1
421,25,1644.80,414.30,111.46,255.13,-1,-1,-1,-1
422,25,1653.09,415.26,108.72,253.14,-1,-1,-1,-1
423,25,1652.98,408.39,109.38,257.58,-1,-1,-1,-1
424,25,1655.15,407.64,105.69,258.53,-1,-1,-1,-1
425,25,1662.65,418.26,105.53,247.76,-1,-1,-1,-1
426,25,1666.64,419.08,99.58,244.90,-1,-1,-1,-1
427,25,1668.21,411.83,96.92,250.79,-1,-1,-1,-1
428,25,1673.44,411.48,100.58,249.56,-1,-1,-1,-1
429,25,1680.26,414.00,100.89,245.62,-1,-1,-1,-1
430,25,1683.84,413.60,98.92,247.25,-1,-1,-1,-1
431,25,1693.16,415.50,93.90,243.53,-1,-1,-1,-1
432,25,1699.09,417.28,94.91,240.94,-1,-1,-1,-1
433,25,1706.28,424.29,95.73,235.83,-1,-1,-1,-1
434,25,1712.15,419.14,87.81,237.83,-1,-1,-1,-1
435,25,1713.60,424.33,87.10,233.30,-1,-1,-1,-1
436,25,1716.14,420.53,83.48,236.14,-1,-1,-1,-1
437,25,1722.32,424.30,81.25,233.99,-1,-1,-1,-1
438,25,1722.99,425.59,82.86,231.93,-1,-1,-1,-1
439,25,1723.54,426.08,85.08,232.17,-1,-1,-1,-1
440,25,1730.99,425.61,84.29,232.14,-1,-1,-1,-1
441,25,1740.89,427.17,77.14,229.36,-1,-1,-1,-1
442,25,1740.88,423.72,80.18,229.15,-1,-1,-1,-1
443,25,1745.95,427.00,80.19,229.79,-1,-1,-1,-1
444,25,1749.10,428.19,79.36,227.39,-1,-1,-1,-1
445,25,1754.92,428.61,79.90,225.64,-1,-1,-1,-1
446,25,1753.97,428.25,82.85,227.61,-1,-1,-1,-1
447,25,1753.08,427.43,87.63,232.00,-1,-1,-1,-1
448,25,1761.17,423.20,83.65,243.63,-1,-1,-1,-1
449,25,1763.44,423.54,81.09,241.26,-1,-1,-1,-1
375,26,1752.56,446.01,70.78,197.46,-1,-1,-1,-1
376,26,1622.29,391.35,92.91,273.37,-1,-1,-1,-1
377,26,1631.78,395.45,88.24,266.08,-1,-1,-1,-1
378,26,1633.85,395.17,86.91,267.08,-1,-1,-1,-1
379,26,1640.79,397.83,86.10,273.00,-1,-1,-1,-1
380,26,1647.90,396.25,87.45,275.42,-1,-1,-1,-1
381,26,1649.56,393.12,87.85,272.99,-1,-1,-1,-1
382,26,1658.25,398.21,85.53,271.98,-1,-1,-1,-1
383,26,1663.32,398.44,87.61,271.49,-1,-1,-1,-1
384,26,1665.91,392.47,86.40,273.55,-1,-1,-1,-1
385,26,1674.31,396.33,81.48,265.57,-1,-1,-1,-1
386,26,1676.32,397.76,81.36,263.03,-1,-1,-1,-1
387,26,1682.80,402.24,80.32,265.10,-1,-1,-1,-1
388,26,1684.28,398.05,80.66,261.96,-1,-1,-1,-1
389,26,1690.50,400.19,81.76,255.17,-1,-1,-1,-1
390,26,1691.73,399.34,80.60,257.63,-1,-1,-1,-1
391,26,1692.09,398.81,82.10,258.41,-1,-1,-1,-1
376,27,1753.25,447.83,72.55,195.65,-1,-1,-1,-1
377,27,1761.49,450.46,69.73,190.86,-1,-1,-1,-1
378,27,1768.42,454.78,66.95,190.67,-1,-1,-1,-1
379,27,1769.19,455.36,65.67,189.35,-1,-1,-1,-1
380,27,1771.60,451.38,64.72,190.04,-1,-1,-1,-1
381,27,1773.14,451.85,63.83,189.08,-1,-1,-1,-1
382,27,1777.64,452.30,64.96,186.71,-1,-1,-1,-1
383,27,1777.36,450.00,68.69,191.48,-1,-1,-1,-1
384,27,1775.69,448.29,72.58,194.06,-1,-1,-1,-1
385,27,1777.99,448.37,71.26,193.20,-1,-1,-1,-1
386,27,1782.78,449.07,72.18,192.85,-1,-1,-1,-1
387,27,1784.70,449.93,73.04,190.10,-1,-1,-1,-1
388,27,1783.93,449.62,74.48,189.76,-1,-1,-1,-1
389,27,1787.81,449.60,78.34,188.43,-1,-1,-1,-1
390,27,1790.84,451.40,76.74,185.52,-1,-1,-1,-1
391,27,1794.54,452.28,79.18,183.85,-1,-1,-1,-1
392,27,1795.05,451.52,79.85,186.12,-1,-1,-1,-1
393,27,1797.15,451.59,75.03,185.46,-1,-1,-1,-1
394,27,1800.53,451.53,69.43,184.32,-1,-1,-1,-1
395,27,1802.05,451.34,70.55,183.35,-1,-1,-1,-1
396,27,1806.43,450.86,71.14,185.12,-1,-1,-1,-1
397,27,1808.82,451.57,70.43,184.54,-1,-1,-1,-1
398,27,1809.09,450.56,71.89,184.76,-1,-1,-1,-1
399,27,1808.01,451.52,72.87,182.67,-1,-1,-1,-1
400,27,1815.69,450.88,70.73,182.65,-1,-1,-1,-1
401,27,1818.36,451.90,70.34,180.92,-1,-1,-1,-1
402,27,1821.55,451.27,74.29,182.30,-1,-1,-1,-1
403,27,1822.55,451.06,73.41,181.82,-1,-1,-1,-1
404,27,1822.66,442.07,74.82,191.09,-1,-1,-1,-1
405,27,1821.07,441.87,78.80,190.60,-1,-1,-1,-1
406,27,1823.04,444.10,76.26,185.20,-1,-1,-1,-1
407,27,1828.35,445.56,76.30,183.40,-1,-1,-1,-1
408,27,1829.31,444.56,77.77,185.25,-1,-1,-1,-1
409,27,1829.55,443.69,79.73,187.32,-1,-1,-1,-1
410,27,1835.63,445.64,78.54,184.44,-1,-1,-1,-1
411,27,1834.76,445.38,83.56,184.89,-1,-1,-1,-1
412,27,1838.35,445.41,84.72,182.85,-1,-1,-1,-1
413,27,1839.83,444.92,79.51,182.98,-1,-1,-1,-1
414,27,1841.17,441.90,87.62,188.44,-1,-1,-1,-1
415,27,1840.99,440.64,93.35,190.09,-1,-1,-1,-1
416,27,1850.71,444.26,90.44,184.48,-1,-1,-1,-1
417,27,1855.23,442.73,88.27,186.45,-1,-1,-1,-1
418,27,1857.40,445.31,86.96,180.47,-1,-1,-1,-1
419,27,1857.88,445.00,82.62,180.76,-1,-1,-1,-1
420,27,1858.37,447.12,77.16,177.53,-1,-1,-1,-1
421,27,1858.19,445.66,77.30,179.99,-1,-1,-1,-1
422,27,1857.57,448.54,79.52,175.98,-1,-1,-1,-1
423,27,1855.79,445.60,79.92,180.32,-1,-1,-1,-1
424,27,1854.98,440.65,85.96,190.75,-1,-1,-1,-1
425,27,1853.57,435.84,94.32,201.32,-1,-1,-1,-1
426,27,1852.32,446.03,93.39,195.20,-1,-1,-1,-1
427,27,1853.15,445.63,93.46,198.36,-1,-1,-1,-1
428,27,1854.94,444.56,93.61,199.68,-1,-1,-1,-1
429,27,1855.23,444.67,94.25,198.74,-1,-1,-1,-1
381,28,1489.13,408.51,99.26,283.51,-1,-1,-1,-1
383,29,1498.66,408.40,95.91,284.37,-1,-1,-1,-1
384,29,1500.43,409.82,96.94,281.26,-1,-1,-1,-1
387,30,1506.21,411.53,100.41,277.87,-1,-1,-1,-1
388,31,1151.53,454.07,71.27,195.98,-1,-1,-1,-1
389,31,1152.32,455.49,70.39,193.32,-1,-1,-1,-1
390,31,1155.78,457.01,68.45,189.97,-1,-1,-1,-1
391,31,1162.24,454.13,65.96,193.20,-1,-1,-1,-1
392,31,1171.67,451.82,60.62,196.97,-1,-1,-1,-1
393,31,1175.59,452.14,59.53,195.04,-1,-1,-1,-1
394,31,1180.17,451.51,59.50,196.01,-1,-1,-1,-1
395,31,1183.40,452.77,60.21,192.95,-1,-1,-1,-1
396,31,1184.88,452.75,67.89,193.23,-1,-1,-1,-1
397,31,1185.50,452.77,73.86,192.10,-1,-1,-1,-1
398,31,1191.74,452.47,74.27,192.17,-1,-1,-1,-1
399,31,1189.63,452.69,81.12,192.35,-1,-1,-1,-1
400,31,1192.30,451.51,82.75,194.83,-1,-1,-1,-1
401,31,1191.58,447.66,86.49,199.41,-1,-1,-1,-1
402,31,1197.28,451.57,80.01,194.51,-1,-1,-1,-1
403,31,1202.84,449.67,78.51,198.87,-1,-1,-1,-1
404,31,1207.83,449.99,72.68,198.20,-1,-1,-1,-1
405,31,1215.15,446.70,70.87,199.27,-1,-1,-1,-1
406,31,1219.61,448.12,65.92,197.51,-1,-1,-1,-1
407,31,1226.44,447.68,62.57,198.56,-1,-1,-1,-1
408,31,1229.25,447.32,63.12,199.09,-1,-1,-1,-1
409,31,1233.57,447.39,63.84,198.77,-1,-1,-1,-1
410,31,1235.93,447.26,66.43,198.91,-1,-1,-1,-1
411,31,1237.08,447.46,73.11,198.73,-1,-1,-1,-1
412,31,1238.53,446.25,79.06,200.83,-1,-1,-1,-1
413,31,1242.34,446.68,83.58,199.32,-1,-1,-1,-1
414,31,1246.38,446.05,86.76,200.09,-1,-1,-1,-1
415,31,1248.76,446.81,86.71,199.78,-1,-1,-1,-1
416,31,1249.21,445.71,88.68,201.95,-1,-1,-1,-1
417,31,1253.24,442.12,92.67,205.99,-1,-1,-1,-1
418,31,1254.56,441.21,93.71,207.25,-1,-1,-1,-1
419,31,1261.54,442.72,89.92,206.12,-1,-1,-1,-1
420,31,1264.38,442.60,88.53,203.72,-1,-1,-1,-1
421,31,1273.33,441.23,81.66,205.83,-1,-1,-1,-1
422,31,1280.77,444.03,73.81,201.60,-1,-1,-1,-1
423,31,1288.36,442.54,67.08,204.51,-1,-1,-1,-1
424,31,1292.62,442.70,63.60,203.66,-1,-1,-1,-1
425,31,1299.94,441.59,61.81,205.61,-1,-1,-1,-1
426,31,1303.11,439.91,60.38,208.43,-1,-1,-1,-1
427,31,1306.61,441.04,62.24,206.97,-1,-1,-1,-1
428,31,1312.92,440.12,68.72,206.57,-1,-1,-1,-1
429,31,1316.76,441.94,73.79,206.07,-1,-1,-1,-1
430,31,1317.80,444.52,76.39,200.81,-1,-1,-1,-1
431,31,1322.38,444.57,79.32,202.45,-1,-1,-1,-1
432,31,1324.13,445.23,80.96,200.79,-1,-1,-1,-1
433,31,1323.15,443.80,84.78,203.23,-1,-1,-1,-1
434,31,1328.24,445.61,82.80,200.56,-1,-1,-1,-1
435,31,1331.19,444.43,81.82,202.82,-1,-1,-1,-1
436,31,1338.64,445.02,78.59,201.19,-1,-1,-1,-1
437,31,1346.53,446.46,68.01,198.88,-1,-1,-1,-1
438,31,1353.90,445.20,63.66,201.71,-1,-1,-1,-1
439,31,1357.77,446.27,61.00,199.56,-1,-1,-1,-1
440,31,1361.21,445.70,65.04,201.42,-1,-1,-1,-1
441,31,1364.18,446.18,63.47,200.49,-1,-1,-1,-1
442,31,1365.95,446.05,64.41,201.04,-1,-1,-1,-1
443,31,1370.41,446.91,69.81,200.27,-1,-1,-1,-1
444,31,1371.60,447.17,76.01,202.84,-1,-1,-1,-1
445,31,1374.17,448.33,76.91,200.44,-1,-1,-1,-1
446,31,1374.02,447.87,79.47,201.29,-1,-1,-1,-1
447,31,1378.73,446.87,81.11,200.81,-1,-1,-1,-1
448,31,1379.63,445.30,84.20,202.61,-1,-1,-1,-1
449,31,1384.29,444.26,85.60,204.94,-1,-1,-1,-1
450,31,1393.40,447.01,81.80,204.86,-1,-1,-1,-1
451,31,1398.33,445.08,78.19,208.78,-1,-1,-1,-1
452,31,1403.91,446.44,76.78,205.80,-1,-1,-1,-1
453,31,1407.88,444.71,71.94,203.93,-1,-1,-1,-1
454,31,1411.78,445.05,68.20,203.37,-1,-1,-1,-1
455,31,1417.16,443.03,70.52,207.31,-1,-1,-1,-1
456,31,1422.45,443.34,71.85,206.80,-1,-1,-1,-1
457,31,1427.69,443.70,68.83,205.00,-1,-1,-1,-1
458,31,1431.56,443.25,73.10,205.55,-1,-1,-1,-1
459,31,1434.21,443.00,80.58,204.20,-1,-1,-1,-1
460,31,1437.45,446.16,79.29,199.76,-1,-1,-1,-1
461,31,1439.23,446.67,78.03,199.79,-1,-1,-1,-1
462,31,1443.73,447.63,79.79,198.15,-1,-1,-1,-1
463,31,1451.91,445.68,77.44,201.23,-1,-1,-1,-1
464,31,1454.50,447.01,77.23,199.99,-1,-1,-1,-1
465,31,1454.75,450.03,75.34,197.57,-1,-1,-1,-1
466,31,1461.20,443.55,72.94,204.34,-1,-1,-1,-1
467,31,1463.54,442.24,72.69,204.12,-1,-1,-1,-1
468,31,1461.06,441.42,78.40,204.52,-1,-1,-1,-1
469,31,1466.68,443.93,80.86,203.98,-1,-1,-1,-1
470,31,1475.14,449.92,80.86,199.75,-1,-1,-1,-1
471,31,1481.03,450.24,86.30,198.89,-1,-1,-1,-1
472,31,1486.04,443.38,89.46,206.37,-1,-1,-1,-1
473,31,1488.45,439.22,100.15,210.55,-1,-1,-1,-1
474,31,1487.05,440.64,106.53,208.77,-1,-1,-1,-1
475,31,1485.97,444.28,108.31,210.87,-1,-1,-1,-1
476,31,1488.87,437.84,103.89,215.92,-1,-1,-1,-1
477,31,1497.63,444.57,100.00,210.11,-1,-1,-1,-1
478,31,1502.24,441.03,92.92,221.51,-1,-1,-1,-1
479,31,1510.78,441.51,89.20,221.36,-1,-1,-1,-1
396,32,1709.34,391.21,93.33,258.55,-1,-1,-1,-1
397,32,1712.92,392.96,86.93,270.10,-1,-1,-1,-1
398,32,1721.42,394.46,83.68,265.88,-1,-1,-1,-1
399,32,1724.32,393.91,81.52,265.89,-1,-1,-1,-1
400,32,1730.52,392.93,82.89,267.52,-1,-1,-1,-1
401,32,1737.50,396.78,83.15,260.09,-1,-1,-1,-1
402,32,1735.51,397.92,90.12,259.14,-1,-1,-1,-1
403,32,1742.13,401.55,89.48,251.57,-1,-1,-1,-1
404,32,1745.37,401.70,86.87,250.61,-1,-1,-1,-1
405,32,1752.60,402.85,85.97,249.26,-1,-1,-1,-1
406,32,1755.91,402.06,83.38,249.55,-1,-1,-1,-1
407,32,1762.52,401.76,81.99,248.93,-1,-1,-1,-1
408,32,1764.29,402.50,82.15,246.84,-1,-1,-1,-1
409,32,1764.06,402.75,83.47,248.61,-1,-1,-1,-1
410,32,1773.73,403.32,78.26,249.29,-1,-1,-1,-1
411,32,1778.88,402.45,78.83,250.00,-1,-1,-1,-1
412,32,1786.09,401.92,82.85,250.48,-1,-1,-1,-1
413,32,1788.69,402.77,91.44,250.39,-1,-1,-1,-1
414,32,1788.30,404.01,95.93,245.60,-1,-1,-1,-1
415,32,1793.05,407.26,99.97,238.31,-1,-1,-1,-1
416,32,1795.36,405.33,96.13,243.39,-1,-1,-1,-1
417,32,1797.92,405.69,92.45,243.40,-1,-1,-1,-1
418,32,1799.13,405.94,91.44,243.55,-1,-1,-1,-1
419,32,1801.60,408.14,87.05,239.11,-1,-1,-1,-1
420,32,1811.00,409.62,81.72,236.43,-1,-1,-1,-1
421,32,1812.39,407.65,80.25,241.97,-1,-1,-1,-1
422,32,1820.29,410.09,77.79,234.76,-1,-1,-1,-1
423,32,1822.67,410.02,74.99,234.26,-1,-1,-1,-1
424,32,1823.54,409.23,75.01,238.08,-1,-1,-1,-1
425,32,1829.16,411.03,76.45,232.47,-1,-1,-1,-1
426,32,1830.78,410.33,79.70,234.46,-1,-1,-1,-1
427,32,1832.48,409.62,80.37,235.14,-1,-1,-1,-1
428,32,1839.13,406.19,76.08,230.66,-1,-1,-1,-1
429,32,1841.92,414.92,85.78,225.42,-1,-1,-1,-1
430,32,1843.46,413.37,89.61,228.93,-1,-1,-1,-1
431,32,1844.20,411.21,89.58,232.31,-1,-1,-1,-1
432,32,1843.54,411.57,93.73,231.73,-1,-1,-1,-1
433,32,1853.96,405.74,85.23,231.50,-1,-1,-1,-1
434,32,1856.31,403.99,87.75,233.72,-1,-1,-1,-1
435,32,1861.99,397.78,88.49,261.51,-1,-1,-1,-1
436,32,1862.72,403.45,88.54,262.03,-1,-1,-1,-1
437,32,1869.32,400.40,84.76,256.57,-1,-1,-1,-1
438,32,1873.83,399.84,84.67,256.04,-1,-1,-1,-1
439,32,1873.27,403.03,92.04,249.06,-1,-1,-1,-1
440,32,1873.56,391.47,95.73,272.58,-1,-1,-1,-1
441,32,1874.60,384.68,97.99,287.05,-1,-1,-1,-1
442,32,1874.97,388.49,98.04,277.78,-1,-1,-1,-1
443,32,1873.03,389.28,93.70,276.85,-1,-1,-1,-1
444,32,1842.03,387.05,92.10,283.93,-1,-1,-1,-1
445,32,1839.46,386.97,93.67,284.40,-1,-1,-1,-1
446,32,1826.72,392.11,97.10,284.33,-1,-1,-1,-1
447,32,1819.14,385.03,113.04,290.41,-1,-1,-1,-1
448,32,1796.31,387.30,122.01,285.54,-1,-1,-1,-1
449,32,1788.21,383.93,143.44,291.00,-1,-1,-1,-1
450,32,1775.54,393.42,145.83,284.29,-1,-1,-1,-1
451,32,1766.15,397.40,144.76,276.37,-1,-1,-1,-1
452,32,1763.33,398.16,130.82,274.91,-1,-1,-1,-1
453,32,1758.42,397.23,121.69,274.70,-1,-1,-1,-1
454,32,1754.17,396.40,114.69,278.27,-1,-1,-1,-1
455,32,1742.28,396.57,107.85,278.45,-1,-1,-1,-1
456,32,1734.92,395.72,106.06,278.28,-1,-1,-1,-1
457,32,1727.73,395.79,105.93,276.48,-1,-1,-1,-1
458,32,1721.25,395.30,102.31,280.78,-1,-1,-1,-1
459,32,1711.92,398.00,105.40,277.46,-1,-1,-1,-1
460,32,1699.18,399.45,112.00,272.79,-1,-1,-1,-1
461,32,1683.36,399.82,127.14,273.74,-1,-1,-1,-1
462,32,1669.27,397.64,139.68,277.66,-1,-1,-1,-1
463,32,1654.23,400.48,154.65,272.97,-1,-1,-1,-1
464,32,1647.56,401.85,152.16,268.94,-1,-1,-1,-1
465,32,1641.63,404.98,147.86,265.40,-1,-1,-1,-1
466,32,1637.03,406.35,142.75,264.11,-1,-1,-1,-1
467,32,1635.58,406.90,129.89,263.60,-1,-1,-1,-1
468,32,1630.87,406.07,122.85,265.04,-1,-1,-1,-1
469,32,1628.83,405.62,111.66,264.91,-1,-1,-1,-1
470,32,1625.97,404.91,100.93,266.93,-1,-1,-1,-1
471,32,1619.99,409.99,95.07,264.11,-1,-1,-1,-1
472,32,1612.32,410.02,92.26,264.32,-1,-1,-1,-1
473,32,1598.57,411.65,93.36,260.20,-1,-1,-1,-1
474,32,1588.50,411.69,97.17,258.63,-1,-1,-1,-1
475,32,1578.04,417.18,102.66,252.51,-1,-1,-1,-1
476,32,1575.25,418.13,101.96,250.54,-1,-1,-1,-1
477,32,1568.63,418.95,104.64,251.43,-1,-1,-1,-1
478,32,1560.07,419.21,104.09,250.91,-1,-1,-1,-1
479,32,1555.19,419.13,100.66,252.71,-1,-1,-1,-1
480,32,1546.38,417.57,102.03,253.17,-1,-1,-1,-1
481,32,1546.26,418.01,98.15,252.91,-1,-1,-1,-1
482,32,1541.08,414.21,96.41,256.06,-1,-1,-1,-1
483,32,1532.87,414.75,93.89,254.63,-1,-1,-1,-1
484,32,1524.56,416.23,92.74,252.62,-1,-1,-1,-1
485,32,1507.68,418.75,99.24,251.69,-1,-1,-1,-1
486,32,1504.48,417.82,99.41,251.48,-1,-1,-1,-1
487,32,1497.62,416.82,100.10,254.30,-1,-1,-1,-1
488,32,1488.12,418.59,105.43,252.07,-1,-1,-1,-1
489,32,1487.29,427.81,106.27,243.69,-1,-1,-1,-1
490,32,1491.40,431.61,110.33,242.70,-1,-1,-1,-1
399,33,1758.73,436.11,89.52,214.28,-1,-1,-1,-1
407,34,1794.72,466.39,66.51,187.01,-1,-1,-1,-1
408,34,1796.63,463.22,65.21,191.27,-1,-1,-1,-1
421,35,881.81,342.29,148.71,448.50,-1,-1,-1,-1
422,35,895.88,345.28,152.47,442.37,-1,-1,-1,-1
423,35,910.58,348.01,153.97,436.14,-1,-1,-1,-1
424,35,917.50,350.34,156.66,431.94,-1,-1,-1,-1
425,35,919.46,354.99,169.54,426.48,-1,-1,-1,-1
426,35,924.71,355.13,174.37,426.82,-1,-1,-1,-1
427,35,929.00,357.13,180.25,421.54,-1,-1,-1,-1
428,35,935.50,356.40,185.20,421.84,-1,-1,-1,-1
429,35,946.24,357.08,179.48,418.97,-1,-1,-1,-1
430,35,964.22,355.58,175.51,411.15,-1,-1,-1,-1
431,35,972.20,355.61,175.78,411.00,-1,-1,-1,-1
432,35,982.50,356.54,169.77,408.95,-1,-1,-1,-1
433,35,994.88,356.10,161.74,409.70,-1,-1,-1,-1
434,35,1007.93,353.91,152.72,411.93,-1,-1,-1,-1
435,35,1026.05,356.20,147.35,406.66,-1,-1,-1,-1
436,35,1035.44,357.95,142.84,404.52,-1,-1,-1,-1
437,35,1044.79,361.26,139.60,398.76,-1,-1,-1,-1
438,35,1055.06,364.40,138.53,392.68,-1,-1,-1,-1
439,35,1061.84,365.52,138.92,391.51,-1,-1,-1,-1
440,35,1069.70,366.38,140.44,391.64,-1,-1,-1,-1
441,35,1073.58,367.12,148.09,389.49,-1,-1,-1,-1
442,35,1082.35,367.99,146.93,387.15,-1,-1,-1,-1
443,35,1098.50,367.64,132.71,381.67,-1,-1,-1,-1
444,35,1111.45,369.25,134.65,376.38,-1,-1,-1,-1
445,35,1122.91,363.26,131.06,381.74,-1,-1,-1,-1
446,35,1130.40,361.96,130.78,382.56,-1,-1,-1,-1
447,35,1137.51,362.74,130.61,379.12,-1,-1,-1,-1
448,35,1144.38,364.18,132.41,377.61,-1,-1,-1,-1
449,35,1150.09,365.25,136.60,375.80,-1,-1,-1,-1
450,35,1154.29,366.29,146.41,372.15,-1,-1,-1,-1
451,35,1162.93,369.01,145.46,367.10,-1,-1,-1,-1
452,35,1166.93,370.75,151.65,366.48,-1,-1,-1,-1
453,35,1176.43,378.17,149.59,361.03,-1,-1,-1,-1
454,35,1179.07,378.67,148.12,361.00,-1,-1,-1,-1
455,35,1194.81,378.34,144.62,359.25,-1,-1,-1,-1
456,35,1205.43,374.86,140.14,357.36,-1,-1,-1,-1
457,35,1213.29,374.41,139.83,355.42,-1,-1,-1,-1
458,35,1226.63,373.49,132.32,356.50,-1,-1,-1,-1
459,35,1237.25,372.76,125.67,355.18,-1,-1,-1,-1
460,35,1251.33,372.18,115.03,355.44,-1,-1,-1,-1
461,35,1259.60,371.78,114.22,349.53,-1,-1,-1,-1
462,35,1263.79,374.65,117.53,349.49,-1,-1,-1,-1
463,35,1272.13,376.76,119.20,348.05,-1,-1,-1,-1
464,35,1277.87,377.57,120.31,348.47,-1,-1,-1,-1
465,35,1282.51,377.73,126.45,346.98,-1,-1,-1,-1
466,35,1291.00,380.59,125.52,344.38,-1,-1,-1,-1
467,35,1295.51,381.35,122.90,343.11,-1,-1,-1,-1
468,35,1305.22,383.19,118.74,336.34,-1,-1,-1,-1
469,35,1312.39,384.64,115.06,331.24,-1,-1,-1,-1
470,35,1322.41,381.28,112.11,330.11,-1,-1,-1,-1
471,35,1327.96,383.76,115.86,332.34,-1,-1,-1,-1
472,35,1331.12,378.42,114.48,335.00,-1,-1,-1,-1
473,35,1338.00,378.46,115.88,334.16,-1,-1,-1,-1
474,35,1345.50,378.19,116.85,335.92,-1,-1,-1,-1
475,35,1351.03,379.38,121.62,331.59,-1,-1,-1,-1
476,35,1358.00,381.20,123.92,329.76,-1,-1,-1,-1
477,35,1362.92,383.16,128.86,327.44,-1,-1,-1,-1
478,35,1368.58,389.78,131.57,318.24,-1,-1,-1,-1
479,35,1370.41,390.47,131.35,319.37,-1,-1,-1,-1
480,35,1377.88,391.95,132.64,316.63,-1,-1,-1,-1
481,35,1381.50,391.12,137.45,316.50,-1,-1,-1,-1
482,35,1387.01,389.08,131.91,314.08,-1,-1,-1,-1
483,35,1401.38,387.83,130.48,313.61,-1,-1,-1,-1
484,35,1404.94,387.28,127.26,314.08,-1,-1,-1,-1
485,35,1418.06,388.13,116.64,312.10,-1,-1,-1,-1
486,35,1426.71,388.08,110.86,311.14,-1,-1,-1,-1
487,35,1429.94,386.92,107.79,313.17,-1,-1,-1,-1
488,35,1438.70,389.22,104.05,307.74,-1,-1,-1,-1
489,35,1442.59,391.83,99.47,302.90,-1,-1,-1,-1
490,35,1450.33,394.09,99.13,301.68,-1,-1,-1,-1
491,35,1457.85,394.12,98.74,301.52,-1,-1,-1,-1
492,35,1458.71,395.02,98.19,300.82,-1,-1,-1,-1
493,35,1465.42,395.48,98.80,299.46,-1,-1,-1,-1
494,35,1466.97,397.04,97.94,294.52,-1,-1,-1,-1
495,35,1474.14,398.12,98.77,289.01,-1,-1,-1,-1
496,35,1483.34,396.17,95.75,292.13,-1,-1,-1,-1
497,35,1489.48,395.46,98.16,293.45,-1,-1,-1,-1
498,35,1491.39,391.53,97.39,291.90,-1,-1,-1,-1
499,35,1498.37,391.75,96.08,292.66,-1,-1,-1,-1
500,35,1501.73,394.71,104.65,295.93,-1,-1,-1,-1
501,35,1501.70,393.48,108.14,298.11,-1,-1,-1,-1
502,35,1505.90,395.54,114.02,292.50,-1,-1,-1,-1
503,35,1513.11,395.76,119.20,292.43,-1,-1,-1,-1
504,35,1515.22,399.10,116.47,287.15,-1,-1,-1,-1
505,35,1521.01,398.67,118.23,286.95,-1,-1,-1,-1
506,35,1526.85,400.87,118.36,282.09,-1,-1,-1,-1
507,35,1529.59,401.37,117.10,282.09,-1,-1,-1,-1
508,35,1535.76,401.24,117.88,281.36,-1,-1,-1,-1
509,35,1542.52,402.17,108.69,279.22,-1,-1,-1,-1
510,35,1551.39,401.79,103.93,278.53,-1,-1,-1,-1
511,35,1555.55,401.03,97.98,280.76,-1,-1,-1,-1
512,35,1557.42,398.77,94.96,278.89,-1,-1,-1,-1
513,35,1556.09,398.18,95.70,276.71,-1,-1,-1,-1
514,35,1562.94,397.79,94.90,276.94,-1,-1,-1,-1
515,35,1566.38,398.10,92.89,278.01,-1,-1,-1,-1
516,35,1572.43,400.56,94.10,275.74,-1,-1,-1,-1
517,35,1575.89,404.93,91.92,272.42,-1,-1,-1,-1
518,35,1582.68,409.89,88.89,264.86,-1,-1,-1,-1
519,35,1586.54,409.69,86.18,266.69,-1,-1,-1,-1
520,35,1591.32,410.12,85.29,266.50,-1,-1,-1,-1
521,35,1594.77,407.69,85.87,268.89,-1,-1,-1,-1
522,35,1599.46,405.76,86.21,265.63,-1,-1,-1,-1
523,35,1602.40,406.55,86.67,260.32,-1,-1,-1,-1
524,35,1606.24,405.76,87.81,260.57,-1,-1,-1,-1
525,35,1608.34,403.82,87.34,263.78,-1,-1,-1,-1
424,36,1757.71,423.21,77.82,223.94,-1,-1,-1,-1
425,36,1763.94,422.71,79.07,223.82,-1,-1,-1,-1
426,36,1767.50,423.34,72.94,211.74,-1,-1,-1,-1
427,36,1655.36,411.44,88.92,245.56,-1,-1,-1,-1
428,36,1657.43,409.44,100.54,249.92,-1,-1,-1,-1
429,36,1658.95,412.06,99.45,245.48,-1,-1,-1,-1
430,36,1664.55,412.18,89.37,244.72,-1,-1,-1,-1
431,36,1668.80,408.31,91.12,252.89,-1,-1,-1,-1
432,36,1672.03,409.52,88.72,253.40,-1,-1,-1,-1
433,36,1677.61,409.32,88.99,251.42,-1,-1,-1,-1
434,36,1677.57,408.34,92.73,251.59,-1,-1,-1,-1
435,36,1677.66,409.41,94.79,250.49,-1,-1,-1,-1
436,36,1679.19,408.03,92.49,252.32,-1,-1,-1,-1
437,36,1683.33,410.22,96.80,248.92,-1,-1,-1,-1
438,36,1687.47,412.49,89.81,243.28,-1,-1,-1,-1
439,36,1690.07,413.63,86.38,240.73,-1,-1,-1,-1
440,36,1695.86,415.21,88.31,241.13,-1,-1,-1,-1
441,36,1699.40,416.50,94.82,238.17,-1,-1,-1,-1
442,36,1701.47,418.62,95.16,235.53,-1,-1,-1,-1
443,36,1707.69,416.64,93.51,236.38,-1,-1,-1,-1
444,36,1710.27,416.01,91.14,236.39,-1,-1,-1,-1
445,36,1711.92,408.60,89.13,240.81,-1,-1,-1,-1
446,36,1714.40,407.01,85.50,243.95,-1,-1,-1,-1
447,36,1719.96,407.68,85.40,243.26,-1,-1,-1,-1
448,36,1721.66,406.74,83.54,243.20,-1,-1,-1,-1
449,36,1722.11,405.98,81.51,244.20,-1,-1,-1,-1
450,36,1721.38,407.49,86.14,239.77,-1,-1,-1,-1
451,36,1723.52,408.34,82.44,239.28,-1,-1,-1,-1
452,36,1723.91,408.49,82.33,239.92,-1,-1,-1,-1
453,36,1728.65,412.67,85.38,231.75,-1,-1,-1,-1
428,37,1774.31,425.25,73.97,219.62,-1,-1,-1,-1
429,37,1773.87,427.18,76.25,216.39,-1,-1,-1,-1
430,38,1150.09,472.41,61.84,179.04,-1,-1,-1,-1
431,38,1154.97,474.88,63.67,171.53,-1,-1,-1,-1
432,38,1159.74,473.32,66.85,173.42,-1,-1,-1,-1
433,38,1158.72,473.09,74.01,170.59,-1,-1,-1,-1
434,38,1161.38,473.08,73.65,170.49,-1,-1,-1,-1
435,38,1170.30,473.10,67.85,170.86,-1,-1,-1,-1
436,38,1177.58,471.54,63.95,173.10,-1,-1,-1,-1
437,38,1179.60,470.43,65.06,175.57,-1,-1,-1,-1
438,38,1187.09,469.28,64.26,179.87,-1,-1,-1,-1
439,38,1188.37,468.07,64.52,183.91,-1,-1,-1,-1
435,39,1776.96,426.68,71.26,216.00,-1,-1,-1,-1
436,39,1779.48,425.61,67.98,207.74,-1,-1,-1,-1
437,39,1784.38,427.42,68.41,204.25,-1,-1,-1,-1
438,39,1783.89,428.56,70.70,202.05,-1,-1,-1,-1
439,39,1786.35,429.24,67.98,200.34,-1,-1,-1,-1
440,39,1791.79,429.78,68.78,198.41,-1,-1,-1,-1
441,39,1791.38,431.74,71.61,196.16,-1,-1,-1,-1
442,39,1795.18,434.53,65.77,189.61,-1,-1,-1,-1
443,39,1801.53,436.95,64.69,194.54,-1,-1,-1,-1
444,39,1803.28,435.10,64.22,197.46,-1,-1,-1,-1
440,40,-147.21,262.64,277.87,689.91,-1,-1,-1,-1
441,40,-120.24,262.19,271.84,676.12,-1,-1,-1,-1
442,40,-107.20,267.24,287.61,679.22,-1,-1,-1,-1
443,40,-125.71,263.99,327.86,670.30,-1,-1,-1,-1
444,40,-115.41,266.54,332.71,665.55,-1,-1,-1,-1
445,40,-95.19,267.90,329.37,663.12,-1,-1,-1,-1
446,40,-80.73,271.26,330.29,656.74,-1,-1,-1,-1
447,40,-60.92,274.80,327.03,648.75,-1,-1,-1,-1
448,40,-35.65,272.27,314.92,639.15,-1,-1,-1,-1
449,40,-33.12,271.44,325.96,640.42,-1,-1,-1,-1
450,40,1.31,269.37,303.40,644.41,-1,-1,-1,-1
451,40,14.35,269.57,297.65,644.32,-1,-1,-1,-1
452,40,30.87,271.72,281.34,638.14,-1,-1,-1,-1
453,40,70.74,279.37,249.96,624.38,-1,-1,-1,-1
445,41,1205.47,464.66,77.40,191.40,-1,-1,-1,-1
447,42,1215.74,467.36,73.08,183.22,-1,-1,-1,-1
448,42,1226.33,467.65,65.71,181.46,-1,-1,-1,-1
449,43,1840.97,379.26,129.85,296.23,-1,-1,-1,-1
450,43,1824.27,380.75,139.73,293.91,-1,-1,-1,-1
451,43,1825.50,383.76,122.95,289.70,-1,-1,-1,-1
452,43,1823.07,387.72,117.88,293.24,-1,-1,-1,-1
453,43,1820.25,388.62,106.91,280.34,-1,-1,-1,-1
454,43,1809.58,387.68,116.52,281.25,-1,-1,-1,-1
455,43,1796.00,389.48,118.24,279.44,-1,-1,-1,-1
456,43,1787.62,386.84,130.66,283.22,-1,-1,-1,-1
457,43,1787.90,388.64,128.25,281.71,-1,-1,-1,-1
458,43,1783.45,393.42,122.50,281.96,-1,-1,-1,-1
459,43,1780.14,391.96,113.29,284.33,-1,-1,-1,-1
460,43,1767.73,394.68,103.65,280.56,-1,-1,-1,-1
461,43,1762.05,395.05,97.48,279.39,-1,-1,-1,-1
462,43,1756.34,394.28,94.91,279.99,-1,-1,-1,-1
463,43,1749.72,397.08,91.85,274.85,-1,-1,-1,-1
464,43,1748.64,395.09,92.78,279.15,-1,-1,-1,-1
465,43,1740.77,397.62,94.67,274.04,-1,-1,-1,-1
466,43,1738.67,399.35,96.53,272.94,-1,-1,-1,-1
467,43,1728.15,398.46,104.58,273.47,-1,-1,-1,-1
468,43,1714.13,398.03,116.44,272.82,-1,-1,-1,-1
469,43,1702.75,399.35,123.81,268.79,-1,-1,-1,-1
470,43,1693.88,400.59,124.97,269.15,-1,-1,-1,-1
471,43,1686.45,398.34,124.75,274.50,-1,-1,-1,-1
472,43,1681.48,399.08,120.04,272.89,-1,-1,-1,-1
473,43,1680.81,397.49,114.28,273.88,-1,-1,-1,-1
474,43,1670.51,397.57,108.16,274.75,-1,-1,-1,-1
475,43,1658.56,403.47,97.95,263.83,-1,-1,-1,-1
476,43,1652.09,403.14,93.18,265.71,-1,-1,-1,-1
477,43,1644.96,402.83,91.79,265.84,-1,-1,-1,-1
478,43,1635.22,406.35,94.93,262.56,-1,-1,-1,-1
479,43,1627.31,403.78,100.01,267.00,-1,-1,-1,-1
480,43,1621.30,405.42,107.12,264.88,-1,-1,-1,-1
481,43,1612.64,408.52,110.84,258.99,-1,-1,-1,-1
482,43,1610.92,406.91,111.51,262.40,-1,-1,-1,-1
483,43,1595.76,413.92,114.73,255.12,-1,-1,-1,-1
484,43,1586.39,413.72,116.28,254.73,-1,-1,-1,-1
485,43,1579.82,415.32,113.21,252.14,-1,-1,-1,-1
486,43,1575.14,411.50,105.95,253.84,-1,-1,-1,-1
487,43,1570.28,414.48,101.24,253.20,-1,-1,-1,-1
488,43,1556.72,410.30,95.63,256.13,-1,-1,-1,-1
489,43,1552.05,410.27,90.56,256.28,-1,-1,-1,-1
490,43,1551.31,412.51,88.21,251.37,-1,-1,-1,-1
491,43,1540.84,413.95,96.35,255.15,-1,-1,-1,-1
492,43,1537.83,413.80,99.70,257.23,-1,-1,-1,-1
493,43,1526.85,417.62,104.29,252.64,-1,-1,-1,-1
494,43,1517.77,420.54,108.17,249.22,-1,-1,-1,-1
495,43,1506.26,428.32,116.04,244.62,-1,-1,-1,-1
496,43,1505.50,430.46,117.69,243.46,-1,-1,-1,-1
497,43,1508.61,430.56,111.83,243.51,-1,-1,-1,-1
498,43,1519.61,431.83,103.27,241.33,-1,-1,-1,-1
456,44,1869.44,420.59,101.69,248.23,-1,-1,-1,-1
457,44,1865.42,424.53,96.07,240.11,-1,-1,-1,-1
458,44,1857.47,425.19,105.37,236.45,-1,-1,-1,-1
459,44,1857.70,427.08,101.97,232.28,-1,-1,-1,-1
460,44,1856.94,423.25,97.71,227.75,-1,-1,-1,-1
461,44,1856.58,420.97,104.48,231.25,-1,-1,-1,-1
462,44,1869.35,423.02,101.08,227.74,-1,-1,-1,-1
463,44,1872.96,425.32,92.83,223.47,-1,-1,-1,-1
464,44,1875.21,429.03,84.49,216.02,-1,-1,-1,-1
465,44,1872.19,429.25,90.77,213.64,-1,-1,-1,-1
466,44,1872.78,437.02,79.89,195.85,-1,-1,-1,-1
467,44,1872.32,436.36,71.87,185.06,-1,-1,-1,-1
468,44,1871.79,437.37,72.09,180.73,-1,-1,-1,-1
469,44,1872.40,438.93,70.66,176.81,-1,-1,-1,-1
470,44,1872.65,440.68,72.12,175.09,-1,-1,-1,-1
471,44,1871.10,439.68,77.77,178.11,-1,-1,-1,-1
472,44,1870.98,440.29,71.70,176.79,-1,-1,-1,-1
473,44,1869.95,437.65,70.34,182.02,-1,-1,-1,-1
474,44,1869.69,434.90,72.23,187.43,-1,-1,-1,-1
475,44,1868.12,435.48,69.62,186.16,-1,-1,-1,-1
462,45,1812.02,422.99,78.41,227.64,-1,-1,-1,-1
463,45,1810.35,423.06,83.31,227.81,-1,-1,-1,-1
464,45,1809.54,423.64,86.82,226.74,-1,-1,-1,-1
465,45,1810.64,425.94,85.87,221.46,-1,-1,-1,-1
466,45,1816.39,427.14,85.52,217.53,-1,-1,-1,-1
467,45,1817.83,428.37,83.69,213.81,-1,-1,-1,-1
468,45,1826.27,429.35,80.53,212.74,-1,-1,-1,-1
469,45,1828.47,430.79,80.07,211.51,-1,-1,-1,-1
470,45,1827.11,434.28,83.07,206.32,-1,-1,-1,-1
471,45,1828.59,434.89,82.46,206.23,-1,-1,-1,-1
472,45,1830.57,434.19,80.39,207.48,-1,-1,-1,-1
473,45,1831.93,433.41,78.76,209.25,-1,-1,-1,-1
474,45,1835.72,436.49,79.19,203.77,-1,-1,-1,-1
475,45,1837.42,434.88,77.55,203.46,-1,-1,-1,-1
476,45,1840.07,434.83,76.55,201.73,-1,-1,-1,-1
477,45,1840.02,432.04,79.91,206.51,-1,-1,-1,-1
478,45,1841.54,430.61,80.41,209.27,-1,-1,-1,-1
479,45,1842.44,429.99,80.66,210.24,-1,-1,-1,-1
480,45,1842.43,430.95,83.40,207.71,-1,-1,-1,-1
481,45,1843.68,431.19,85.23,208.21,-1,-1,-1,-1
482,45,1843.64,430.30,89.75,210.09,-1,-1,-1,-1
483,45,1849.03,435.13,80.48,202.53,-1,-1,-1,-1
484,45,1850.94,436.69,76.68,197.98,-1,-1,-1,-1
485,45,1852.06,435.85,78.28,199.88,-1,-1,-1,-1
486,45,1855.26,435.19,75.04,200.84,-1,-1,-1,-1
487,45,1856.19,434.80,76.02,201.92,-1,-1,-1,-1
488,45,1857.25,434.11,75.68,201.47,-1,-1,-1,-1
489,45,1857.22,433.82,77.43,202.09,-1,-1,-1,-1
490,45,1857.24,431.53,81.47,206.18,-1,-1,-1,-1
491,45,1857.22,429.84,79.68,202.39,-1,-1,-1,-1
492,45,1857.09,432.11,80.97,202.79,-1,-1,-1,-1
493,45,1855.75,428.98,86.88,203.59,-1,-1,-1,-1
494,45,1855.04,432.15,88.61,205.02,-1,-1,-1,-1
495,45,1854.85,433.33,94.47,203.20,-1,-1,-1,-1
496,45,1855.01,433.60,94.63,203.48,-1,-1,-1,-1
497,45,1855.92,433.47,95.29,203.77,-1,-1,-1,-1
498,45,1855.19,433.92,94.79,201.85,-1,-1,-1,-1
499,45,1856.94,433.85,93.28,201.99,-1,-1,-1,-1
500,45,1857.48,432.99,92.26,204.16,-1,-1,-1,-1
501,45,1857.72,430.89,96.17,208.34,-1,-1,-1,-1
502,45,1858.28,430.66,95.82,207.76,-1,-1,-1,-1
503,45,1866.44,431.87,87.97,205.90,-1,-1,-1,-1
504,45,1870.42,428.52,83.24,204.18,-1,-1,-1,-1
505,45,1874.01,430.91,79.39,198.55,-1,-1,-1,-1
506,45,1874.45,428.53,97.37,231.47,-1,-1,-1,-1
507,45,1876.69,429.57,93.15,230.05,-1,-1,-1,-1
508,45,1877.41,431.73,94.28,226.25,-1,-1,-1,-1
509,45,1877.68,431.91,93.39,226.76,-1,-1,-1,-1
463,46,112.28,279.97,359.59,622.31,-1,-1,-1,-1
464,46,149.97,285.23,330.69,610.71,-1,-1,-1,-1
465,46,206.66,285.51,282.66,611.95,-1,-1,-1,-1
466,46,230.29,280.91,266.68,607.97,-1,-1,-1,-1
467,46,246.73,283.11,249.30,603.03,-1,-1,-1,-1
468,46,270.05,288.29,234.26,592.45,-1,-1,-1,-1
469,46,284.19,290.80,223.09,586.69,-1,-1,-1,-1
470,46,304.83,288.88,213.54,589.73,-1,-1,-1,-1
471,46,315.35,289.91,208.03,586.36,-1,-1,-1,-1
472,46,321.67,289.52,212.51,586.83,-1,-1,-1,-1
473,46,333.30,290.48,220.73,584.41,-1,-1,-1,-1
474,46,345.67,292.95,227.09,579.10,-1,-1,-1,-1
475,46,355.63,291.27,238.65,572.26,-1,-1,-1,-1
476,46,361.76,294.98,243.11,564.90,-1,-1,-1,-1
477,46,369.52,296.33,243.57,562.32,-1,-1,-1,-1
478,46,379.90,302.56,240.30,560.40,-1,-1,-1,-1
479,46,382.87,303.94,234.98,557.77,-1,-1,-1,-1
480,46,401.50,300.89,227.02,553.12,-1,-1,-1,-1
481,46,410.22,302.70,225.02,550.05,-1,-1,-1,-1
482,46,413.71,300.15,222.30,554.12,-1,-1,-1,-1
483,46,431.28,300.36,216.33,553.12,-1,-1,-1,-1
484,46,438.79,303.16,218.13,547.51,-1,-1,-1,-1
485,46,450.61,304.16,211.84,543.30,-1,-1,-1,-1
486,46,461.11,306.21,207.38,538.53,-1,-1,-1,-1
487,46,469.47,305.88,203.05,538.58,-1,-1,-1,-1
488,46,480.78,308.36,198.96,532.09,-1,-1,-1,-1
489,46,484.52,304.61,204.69,530.70,-1,-1,-1,-1
490,46,495.74,305.81,198.32,528.27,-1,-1,-1,-1
491,46,501.14,310.81,191.21,527.28,-1,-1,-1,-1
492,46,512.07,312.22,185.90,526.20,-1,-1,-1,-1
493,46,521.13,313.35,184.22,525.92,-1,-1,-1,-1
494,46,527.86,315.76,186.47,523.30,-1,-1,-1,-1
495,46,540.93,319.86,188.45,516.53,-1,-1,-1,-1
496,46,542.67,326.22,188.92,511.55,-1,-1,-1,-1
497,46,552.02,328.76,184.93,507.21,-1,-1,-1,-1
498,46,562.66,330.78,180.44,504.82,-1,-1,-1,-1
499,46,570.16,333.32,180.60,499.64,-1,-1,-1,-1
500,46,585.99,333.42,177.80,497.70,-1,-1,-1,-1
501,46,590.18,330.27,173.99,494.59,-1,-1,-1,-1
502,46,600.61,331.95,168.24,489.46,-1,-1,-1,-1
503,46,609.64,332.97,166.59,484.84,-1,-1,-1,-1
504,46,617.50,327.90,165.20,483.62,-1,-1,-1,-1
505,46,627.02,332.84,163.63,483.99,-1,-1,-1,-1
506,46,635.23,334.59,162.36,480.49,-1,-1,-1,-1
507,46,640.86,334.17,164.72,480.08,-1,-1,-1,-1
508,46,646.26,334.19,170.46,480.73,-1,-1,-1,-1
509,46,654.72,337.01,170.07,474.86,-1,-1,-1,-1
510,46,667.94,337.09,175.10,463.34,-1,-1,-1,-1
511,46,666.46,334.96,180.01,465.77,-1,-1,-1,-1
512,46,670.92,338.09,184.79,459.92,-1,-1,-1,-1
513,46,681.56,339.94,180.76,456.96,-1,-1,-1,-1
514,46,688.26,341.98,182.28,454.62,-1,-1,-1,-1
515,46,690.49,339.94,179.31,459.33,-1,-1,-1,-1
516,46,706.44,340.89,163.81,456.43,-1,-1,-1,-1
517,46,717.52,339.32,157.47,459.11,-1,-1,-1,-1
518,46,733.04,337.94,156.20,461.59,-1,-1,-1,-1
519,46,743.96,340.27,150.37,458.49,-1,-1,-1,-1
520,46,752.00,337.39,150.19,463.21,-1,-1,-1,-1
469,47,1760.17,417.14,85.95,252.68,-1,-1,-1,-1
470,48,1141.97,458.75,61.45,190.83,-1,-1,-1,-1
471,48,1140.80,462.58,64.19,189.62,-1,-1,-1,-1
472,48,1146.38,458.66,64.78,191.98,-1,-1,-1,-1
473,48,1153.94,460.10,65.87,188.40,-1,-1,-1,-1
474,48,1155.36,460.07,68.36,188.84,-1,-1,-1,-1
475,48,1160.94,460.27,72.67,187.53,-1,-1,-1,-1
476,48,1165.90,461.23,73.41,186.33,-1,-1,-1,-1
477,48,1169.00,458.66,73.55,191.39,-1,-1,-1,-1
478,48,1174.33,458.44,73.77,190.62,-1,-1,-1,-1
479,48,1175.78,456.87,74.95,193.52,-1,-1,-1,-1
480,48,1182.89,456.77,74.61,193.57,-1,-1,-1,-1
481,48,1187.80,455.29,76.01,195.02,-1,-1,-1,-1
482,48,1194.40,455.92,70.88,194.93,-1,-1,-1,-1
483,48,1200.68,455.41,70.63,196.97,-1,-1,-1,-1
484,48,1205.16,454.07,72.37,198.58,-1,-1,-1,-1
485,48,1211.32,456.31,76.26,192.87,-1,-1,-1,-1
486,48,1214.17,454.48,77.43,194.28,-1,-1,-1,-1
487,48,1220.52,454.01,78.96,194.08,-1,-1,-1,-1
488,48,1225.94,454.40,84.60,192.80,-1,-1,-1,-1
489,48,1231.88,455.82,83.49,190.10,-1,-1,-1,-1
490,48,1235.67,454.41,83.06,194.57,-1,-1,-1,-1
491,48,1236.90,456.31,83.38,192.68,-1,-1,-1,-1
492,48,1241.23,455.95,82.64,191.88,-1,-1,-1,-1
493,48,1252.13,453.90,76.23,192.94,-1,-1,-1,-1
494,48,1258.33,453.15,70.88,192.72,-1,-1,-1,-1
495,48,1267.74,452.32,67.66,194.55,-1,-1,-1,-1
496,48,1275.27,452.38,65.18,196.01,-1,-1,-1,-1
497,48,1278.78,451.98,62.03,196.47,-1,-1,-1,-1
498,48,1286.06,452.25,63.34,195.04,-1,-1,-1,-1
499,48,1292.13,452.33,65.09,194.58,-1,-1,-1,-1
500,48,1298.04,451.93,69.30,195.23,-1,-1,-1,-1
501,48,1302.28,452.89,75.86,193.69,-1,-1,-1,-1
502,48,1303.98,450.49,85.53,199.54,-1,-1,-1,-1
503,48,1304.29,449.99,88.99,201.13,-1,-1,-1,-1
504,48,1307.78,450.48,92.04,199.75,-1,-1,-1,-1
505,48,1313.11,449.71,85.45,201.45,-1,-1,-1,-1
506,48,1317.22,451.19,79.57,197.43,-1,-1,-1,-1
507,48,1326.06,450.63,73.03,198.21,-1,-1,-1,-1
508,48,1336.44,450.89,70.62,198.60,-1,-1,-1,-1
471,49,1770.16,415.18,82.32,227.39,-1,-1,-1,-1
472,49,1772.42,416.09,78.94,224.56,-1,-1,-1,-1
473,49,1773.40,414.58,77.65,229.07,-1,-1,-1,-1
474,49,1774.64,417.37,77.33,223.88,-1,-1,-1,-1
475,49,1781.58,417.07,75.22,223.71,-1,-1,-1,-1
476,49,1782.57,417.27,74.75,222.77,-1,-1,-1,-1
477,49,1784.33,418.12,72.18,220.10,-1,-1,-1,-1
478,49,1785.30,420.77,73.29,215.52,-1,-1,-1,-1
479,49,1789.02,419.23,74.08,217.57,-1,-1,-1,-1
480,49,1790.91,421.39,74.83,215.06,-1,-1,-1,-1
481,49,1790.86,422.86,76.49,212.76,-1,-1,-1,-1
482,49,1791.04,423.16,77.26,212.19,-1,-1,-1,-1
483,49,1796.08,423.54,74.94,211.67,-1,-1,-1,-1
484,49,1796.56,424.32,75.61,209.76,-1,-1,-1,-1
485,49,1796.50,425.38,76.73,207.19,-1,-1,-1,-1
486,49,1798.78,424.31,74.60,208.77,-1,-1,-1,-1
487,49,1798.45,422.77,76.19,212.27,-1,-1,-1,-1
488,49,1800.24,423.03,74.33,210.83,-1,-1,-1,-1
489,49,1800.96,423.07,73.35,209.31,-1,-1,-1,-1
490,49,1807.09,423.05,69.58,208.98,-1,-1,-1,-1
491,49,1809.98,424.33,66.92,205.48,-1,-1,-1,-1
492,49,1810.75,425.22,67.24,204.22,-1,-1,-1,-1
493,49,1812.20,425.15,67.50,204.30,-1,-1,-1,-1
494,49,1811.33,425.04,69.10,205.07,-1,-1,-1,-1
495,49,1815.13,425.72,69.12,205.80,-1,-1,-1,-1
496,49,1815.56,426.53,70.06,204.67,-1,-1,-1,-1
497,49,1817.58,427.60,68.00,203.31,-1,-1,-1,-1
498,49,1819.52,427.07,66.09,202.34,-1,-1,-1,-1
499,49,1820.67,426.84,65.98,202.23,-1,-1,-1,-1
500,49,1826.85,426.45,61.00,204.50,-1,-1,-1,-1
501,49,1827.17,427.51,62.71,203.30,-1,-1,-1,-1
502,49,1827.79,427.33,62.85,201.88,-1,-1,-1,-1
503,49,1829.92,428.22,60.99,199.51,-1,-1,-1,-1
504,49,1829.93,428.05,64.17,198.95,-1,-1,-1,-1
505,49,1831.98,427.60,67.51,197.93,-1,-1,-1,-1
506,49,1829.88,425.38,72.87,201.36,-1,-1,-1,-1
507,49,1830.33,424.37,75.68,203.53,-1,-1,-1,-1
508,49,1830.46,424.99,75.99,202.50,-1,-1,-1,-1
509,49,1831.10,427.49,74.70,197.83,-1,-1,-1,-1
510,49,1830.28,428.05,76.82,198.71,-1,-1,-1,-1
511,49,1829.09,427.74,79.73,200.52,-1,-1,-1,-1
512,49,1830.01,428.50,80.81,199.10,-1,-1,-1,-1
513,49,1828.88,425.53,92.48,207.35,-1,-1,-1,-1
514,49,1832.49,429.45,79.08,198.29,-1,-1,-1,-1
515,49,1835.38,429.99,71.88,195.03,-1,-1,-1,-1
516,49,1836.48,431.70,68.10,191.41,-1,-1,-1,-1
517,49,1836.53,430.25,69.48,193.11,-1,-1,-1,-1
518,49,1838.36,433.64,65.92,187.65,-1,-1,-1,-1
519,49,1845.94,415.37,74.08,221.43,-1,-1,-1,-1
484,50,-220.10,181.30,422.31,834.31,-1,-1,-1,-1
485,50,-169.32,218.59,397.29,807.68,-1,-1,-1,-1
486,50,-118.24,216.12,367.03,797.49,-1,-1,-1,-1
487,50,-99.06,218.40,361.26,794.18,-1,-1,-1,-1
488,50,-36.59,224.97,312.22,780.83,-1,-1,-1,-1
489,50,-8.04,221.06,291.53,774.98,-1,-1,-1,-1
490,50,22.18,217.57,264.98,781.41,-1,-1,-1,-1
491,50,44.63,215.49,255.11,783.86,-1,-1,-1,-1
492,50,73.84,214.40,244.52,785.26,-1,-1,-1,-1
493,50,108.47,213.30,255.20,773.76,-1,-1,-1,-1
494,50,126.56,213.87,267.27,770.37,-1,-1,-1,-1
495,50,133.32,225.28,317.90,749.11,-1,-1,-1,-1
496,50,133.95,229.78,363.28,739.14,-1,-1,-1,-1
497,50,133.52,233.56,395.64,731.02,-1,-1,-1,-1
498,50,138.00,235.69,403.25,726.42,-1,-1,-1,-1
499,50,161.84,241.29,388.20,714.30,-1,-1,-1,-1
500,50,199.69,240.73,359.89,702.03,-1,-1,-1,-1
501,50,216.84,244.43,342.24,694.97,-1,-1,-1,-1
502,50,255.71,243.28,312.01,698.04,-1,-1,-1,-1
503,50,296.34,242.85,280.07,698.56,-1,-1,-1,-1
504,50,337.90,239.39,244.48,704.27,-1,-1,-1,-1
505,50,399.64,234.74,215.66,699.71,-1,-1,-1,-1
506,50,420.93,238.97,207.13,690.27,-1,-1,-1,-1
507,50,436.59,242.98,207.35,682.47,-1,-1,-1,-1
508,50,452.38,250.82,223.86,668.77,-1,-1,-1,-1
509,50,457.50,259.30,245.91,664.33,-1,-1,-1,-1
510,50,471.52,262.64,263.82,658.81,-1,-1,-1,-1
511,50,481.57,267.90,275.51,649.29,-1,-1,-1,-1
512,50,492.12,268.24,272.56,647.24,-1,-1,-1,-1
513,50,514.95,267.31,258.54,634.38,-1,-1,-1,-1
514,50,528.61,268.82,247.29,630.49,-1,-1,-1,-1
515,50,563.16,267.58,224.71,618.34,-1,-1,-1,-1
516,50,598.24,277.24,204.26,612.01,-1,-1,-1,-1
517,50,619.31,273.50,194.18,607.07,-1,-1,-1,-1
518,50,649.11,276.35,183.25,613.38,-1,-1,-1,-1
519,50,663.88,271.50,184.11,609.56,-1,-1,-1,-1
520,50,671.23,270.18,186.82,609.69,-1,-1,-1,-1
521,50,691.45,276.19,208.39,600.51,-1,-1,-1,-1
522,50,695.16,282.12,234.01,601.94,-1,-1,-1,-1
523,50,694.00,286.84,267.38,593.86,-1,-1,-1,-1
524,50,687.27,289.21,281.56,588.54,-1,-1,-1,-1
525,50,695.06,294.16,281.78,577.78,-1,-1,-1,-1
493,51,1559.29,439.45,89.77,223.69,-1,-1,-1,-1
494,51,1570.79,445.11,79.62,213.24,-1,-1,-1,-1
495,51,1574.08,444.96,75.04,211.19,-1,-1,-1,-1
496,51,1575.24,445.27,75.03,209.74,-1,-1,-1,-1
497,51,1581.96,443.96,72.82,201.42,-1,-1,-1,-1
498,51,1583.86,441.78,74.32,201.50,-1,-1,-1,-1
499,51,1588.39,441.14,76.58,202.27,-1,-1,-1,-1
500,51,1590.93,431.57,74.57,212.24,-1,-1,-1,-1
501,51,1594.53,431.03,80.69,211.52,-1,-1,-1,-1
502,51,1594.43,429.86,84.11,213.05,-1,-1,-1,-1
503,51,1592.01,430.61,90.97,212.39,-1,-1,-1,-1
504,51,1596.31,430.28,91.44,213.65,-1,-1,-1,-1
505,51,1598.69,430.50,89.61,211.92,-1,-1,-1,-1
506,51,1600.27,431.66,87.91,209.58,-1,-1,-1,-1
507,51,1600.83,433.85,86.89,206.93,-1,-1,-1,-1
508,51,1603.10,431.47,82.80,210.19,-1,-1,-1,-1
509,51,1611.27,435.16,77.81,205.04,-1,-1,-1,-1
510,51,1616.77,435.26,73.86,204.47,-1,-1,-1,-1
511,51,1622.73,442.05,72.27,199.24,-1,-1,-1,-1
512,51,1622.84,440.46,75.96,201.57,-1,-1,-1,-1
513,51,1628.91,441.56,74.35,200.74,-1,-1,-1,-1
514,51,1630.72,442.69,74.56,198.20,-1,-1,-1,-1
515,51,1632.18,444.06,71.95,197.16,-1,-1,-1,-1
516,51,1635.48,446.54,67.95,191.92,-1,-1,-1,-1
517,51,1641.76,447.63,65.12,189.95,-1,-1,-1,-1
518,51,1643.74,444.45,68.81,195.72,-1,-1,-1,-1
519,51,1647.12,443.93,69.36,196.47,-1,-1,-1,-1
520,51,1648.84,444.03,70.03,196.66,-1,-1,-1,-1
521,51,1650.17,443.67,70.42,197.34,-1,-1,-1,-1
522,51,1650.25,445.55,69.52,194.57,-1,-1,-1,-1
523,51,1655.10,437.85,70.05,198.44,-1,-1,-1,-1
524,51,1656.43,436.37,70.57,200.89,-1,-1,-1,-1
525,51,1655.69,440.11,69.81,194.62,-1,-1,-1,-1
495,52,1443.69,437.70,82.68,229.62,-1,-1,-1,-1
496,52,1441.86,431.10,84.62,237.60,-1,-1,-1,-1
497,52,1436.67,428.83,81.40,240.57,-1,-1,-1,-1
498,52,1430.82,423.38,86.79,245.71,-1,-1,-1,-1
499,52,1416.98,429.10,88.52,240.66,-1,-1,-1,-1
500,52,1407.50,430.77,89.81,239.62,-1,-1,-1,-1
501,52,1399.59,432.79,92.33,237.38,-1,-1,-1,-1
502,52,1398.21,434.00,90.42,235.06,-1,-1,-1,-1
503,52,1386.10,435.39,99.46,234.04,-1,-1,-1,-1
504,52,1380.07,435.78,98.75,231.65,-1,-1,-1,-1
505,52,1378.28,436.87,97.98,229.66,-1,-1,-1,-1
506,52,1372.56,435.98,97.04,229.93,-1,-1,-1,-1
507,52,1373.51,436.35,90.17,227.82,-1,-1,-1,-1
508,52,1366.97,435.47,88.54,229.75,-1,-1,-1,-1
509,52,1360.45,433.27,88.26,233.93,-1,-1,-1,-1
510,52,1351.39,434.04,90.28,231.30,-1,-1,-1,-1
511,52,1351.05,435.69,85.64,227.31,-1,-1,-1,-1
512,52,1344.82,436.32,83.98,225.48,-1,-1,-1,-1
513,52,1336.94,438.00,84.46,224.45,-1,-1,-1,-1
514,52,1326.89,438.69,91.20,224.58,-1,-1,-1,-1
515,52,1322.81,439.14,94.83,225.56,-1,-1,-1,-1
516,52,1316.75,436.15,96.52,227.56,-1,-1,-1,-1
517,52,1313.96,438.94,98.43,224.29,-1,-1,-1,-1
518,52,1305.49,440.27,97.51,222.42,-1,-1,-1,-1
519,52,1300.13,433.03,96.68,226.23,-1,-1,-1,-1
520,52,1299.54,432.42,92.98,226.27,-1,-1,-1,-1
521,52,1294.92,430.89,88.49,227.47,-1,-1,-1,-1
522,52,1292.47,433.29,80.97,223.65,-1,-1,-1,-1
523,52,1287.97,432.05,84.95,225.64,-1,-1,-1,-1
524,52,1283.95,430.44,80.19,227.15,-1,-1,-1,-1
525,52,1281.11,432.54,73.19,223.02,-1,-1,-1,-1
501,53,1467.26,419.77,80.13,249.07,-1,-1,-1,-1
502,53,1466.65,420.74,82.28,245.71,-1,-1,-1,-1
503,53,1459.41,422.99,81.00,241.00,-1,-1,-1,-1
504,53,1450.41,422.88,85.86,243.93,-1,-1,-1,-1
505,53,1447.34,424.77,85.12,241.86,-1,-1,-1,-1
506,53,1436.65,423.92,93.95,243.65,-1,-1,-1,-1
507,53,1426.66,424.09,99.01,242.46,-1,-1,-1,-1
508,53,1414.50,426.58,107.10,240.28,-1,-1,-1,-1
509,53,1407.98,427.37,105.78,238.49,-1,-1,-1,-1
510,53,1404.55,426.68,108.85,238.98,-1,-1,-1,-1
511,53,1399.38,430.26,106.15,237.61,-1,-1,-1,-1
512,53,1392.14,432.21,106.71,234.51,-1,-1,-1,-1
513,53,1386.52,432.86,100.40,232.71,-1,-1,-1,-1
514,53,1388.95,432.08,90.95,234.33,-1,-1,-1,-1
515,53,1383.16,433.10,87.26,232.73,-1,-1,-1,-1
516,53,1376.53,428.79,86.02,234.36,-1,-1,-1,-1
517,53,1374.64,428.61,87.10,235.98,-1,-1,-1,-1
518,53,1369.82,429.94,87.68,233.41,-1,-1,-1,-1
519,53,1368.51,435.08,87.88,229.12,-1,-1,-1,-1
520,53,1366.94,436.34,86.84,227.25,-1,-1,-1,-1
521,53,1356.48,438.24,94.53,222.51,-1,-1,-1,-1
522,53,1353.18,437.45,97.47,223.85,-1,-1,-1,-1
523,53,1348.39,436.99,94.70,224.84,-1,-1,-1,-1
524,53,1341.67,433.46,94.81,226.67,-1,-1,-1,-1
525,53,1335.21,435.20,100.81,227.48,-1,-1,-1,-1
511,54,1888.06,397.38,106.42,260.07,-1,-1,-1,-1
512,54,1887.17,385.94,120.26,283.95,-1,-1,-1,-1
513,54,1871.98,388.17,131.17,294.16,-1,-1,-1,-1
514,54,1873.16,374.42,120.07,308.77,-1,-1,-1,-1
515,54,1872.63,372.21,117.42,311.62,-1,-1,-1,-1
516,54,1872.43,374.93,115.58,306.05,-1,-1,-1,-1
517,54,1871.61,374.93,118.43,305.95,-1,-1,-1,-1
518,54,1870.85,374.94,112.65,305.88,-1,-1,-1,-1
519,54,1870.15,374.79,106.39,306.83,-1,-1,-1,-1
520,54,1858.80,376.66,117.99,303.39,-1,-1,-1,-1
521,54,1855.50,375.27,122.84,308.11,-1,-1,-1,-1
522,54,1845.82,373.82,134.56,309.89,-1,-1,-1,-1
523,54,1842.88,375.99,126.50,305.21,-1,-1,-1,-1
524,54,1842.13,376.55,122.37,304.62,-1,-1,-1,-1
525,54,1839.45,376.22,123.51,305.25,-1,-1,-1,-1
521,55,1413.00,450.68,76.56,206.28,-1,-1,-1,-1
522,55,1414.11,449.68,76.56,204.95,-1,-1,-1,-1
523,55,1422.71,453.05,75.54,197.75,-1,-1,-1,-1
524,55,1428.44,453.86,78.91,196.16,-1,-1,-1,-1
525,55,1432.97,454.25,87.35,198.29,-1,-1,-1,-1
