264,1,1316.95,429.54,90.03,283.44,-1,-1,-1,-1
265,1,1317.25,428.75,94.88,283.94,-1,-1,-1,-1
266,1,1320.95,428.13,94.54,285.45,-1,-1,-1,-1
267,1,1331.25,426.88,86.30,279.89,-1,-1,-1,-1
268,1,1332.00,426.61,87.08,280.06,-1,-1,-1,-1
269,1,1338.26,426.30,87.32,279.77,-1,-1,-1,-1
270,1,1339.25,426.70,91.63,279.08,-1,-1,-1,-1
271,1,1341.16,427.85,96.61,276.63,-1,-1,-1,-1
272,1,1348.20,428.44,102.48,275.77,-1,-1,-1,-1
273,1,1352.38,430.05,103.22,273.50,-1,-1,-1,-1
274,1,1358.15,431.08,104.32,271.74,-1,-1,-1,-1
275,1,1363.08,430.77,102.39,271.23,-1,-1,-1,-1
276,1,1368.28,430.44,96.97,271.06,-1,-1,-1,-1
277,1,1376.25,430.49,92.91,270.21,-1,-1,-1,-1
278,1,1378.51,428.85,91.99,270.49,-1,-1,-1,-1
283,1,1410.56,428.54,79.49,270.09,-1,-1,-1,-1
284,1,1414.09,430.16,83.42,267.42,-1,-1,-1,-1
285,1,1415.95,429.60,83.84,266.68,-1,-1,-1,-1
286,1,1420.07,431.79,84.21,263.99,-1,-1,-1,-1
287,1,1423.84,435.56,82.97,258.25,-1,-1,-1,-1
288,1,1424.80,436.44,83.61,255.47,-1,-1,-1,-1
289,1,1429.60,435.59,84.11,256.64,-1,-1,-1,-1
264,2,1687.62,522.26,74.31,197.98,-1,-1,-1,-1
265,2,1690.88,522.73,76.76,199.79,-1,-1,-1,-1
266,2,1696.96,523.76,74.16,200.57,-1,-1,-1,-1
267,2,1703.57,527.08,73.47,196.92,-1,-1,-1,-1
268,2,1707.35,527.26,73.60,197.57,-1,-1,-1,-1
269,2,1713.64,525.66,72.32,198.81,-1,-1,-1,-1
270,2,1716.10,523.32,71.82,201.74,-1,-1,-1,-1
271,2,1720.66,522.73,74.84,202.47,-1,-1,-1,-1
272,2,1723.48,520.86,87.54,205.26,-1,-1,-1,-1
273,2,1728.15,522.95,87.23,204.17,-1,-1,-1,-1
274,2,1734.57,528.00,83.55,198.94,-1,-1,-1,-1
275,2,1737.85,529.42,81.47,197.85,-1,-1,-1,-1
276,2,1740.07,530.85,80.10,196.62,-1,-1,-1,-1
277,2,1744.71,527.77,73.88,200.72,-1,-1,-1,-1
278,2,1743.79,527.14,73.76,202.67,-1,-1,-1,-1
279,2,1738.69,527.26,76.64,204.06,-1,-1,-1,-1
280,2,1737.62,527.27,77.03,204.50,-1,-1,-1,-1
281,2,1736.03,525.82,75.91,205.88,-1,-1,-1,-1
282,2,1731.44,524.52,77.11,207.82,-1,-1,-1,-1
283,2,1727.15,523.42,83.65,209.35,-1,-1,-1,-1
284,2,1718.46,523.61,93.84,208.99,-1,-1,-1,-1
285,2,1713.63,523.56,101.81,208.99,-1,-1,-1,-1
286,2,1707.13,523.38,110.29,209.89,-1,-1,-1,-1
287,2,1703.28,523.71,113.91,210.16,-1,-1,-1,-1
288,2,1702.24,523.73,114.51,209.26,-1,-1,-1,-1
289,2,1700.50,522.47,113.20,210.25,-1,-1,-1,-1
290,2,1701.53,522.70,108.97,210.46,-1,-1,-1,-1
291,2,1701.34,523.23,105.54,210.27,-1,-1,-1,-1
292,2,1699.40,523.99,102.79,210.44,-1,-1,-1,-1
293,2,1697.33,523.97,101.05,209.80,-1,-1,-1,-1
294,2,1696.75,523.79,101.72,209.55,-1,-1,-1,-1
295,2,1693.03,524.61,106.21,208.30,-1,-1,-1,-1
296,2,1690.99,525.33,108.56,207.41,-1,-1,-1,-1
297,2,1686.91,526.40,106.55,206.27,-1,-1,-1,-1
298,2,1685.99,527.14,104.42,205.21,-1,-1,-1,-1
299,2,1688.61,527.40,97.65,204.48,-1,-1,-1,-1
300,2,1689.19,528.32,95.09,203.52,-1,-1,-1,-1
301,2,1691.73,529.81,93.04,201.72,-1,-1,-1,-1
302,2,1696.38,529.44,90.41,201.96,-1,-1,-1,-1
303,2,1699.64,529.54,89.79,200.78,-1,-1,-1,-1
304,2,1703.79,528.59,87.88,200.59,-1,-1,-1,-1
305,2,1705.39,528.47,87.10,200.08,-1,-1,-1,-1
306,2,1703.84,526.10,89.52,203.13,-1,-1,-1,-1
307,2,1703.50,525.42,90.11,203.48,-1,-1,-1,-1
308,2,1702.75,525.92,90.75,202.86,-1,-1,-1,-1
309,2,1702.25,526.29,90.61,203.02,-1,-1,-1,-1
310,2,1699.85,525.02,92.94,204.31,-1,-1,-1,-1
311,2,1700.49,524.89,91.71,204.33,-1,-1,-1,-1
312,2,1700.47,524.86,90.12,204.32,-1,-1,-1,-1
313,2,1701.06,525.66,88.45,203.51,-1,-1,-1,-1
314,2,1700.88,526.62,86.89,202.25,-1,-1,-1,-1
315,2,1701.35,529.63,84.44,199.10,-1,-1,-1,-1
316,2,1700.08,527.03,85.38,201.95,-1,-1,-1,-1
317,2,1699.84,526.42,85.86,202.30,-1,-1,-1,-1
318,2,1698.73,525.85,86.00,203.36,-1,-1,-1,-1
319,2,1694.11,525.05,89.78,204.01,-1,-1,-1,-1
320,2,1693.36,526.24,89.72,202.54,-1,-1,-1,-1
321,2,1691.43,525.52,90.30,203.33,-1,-1,-1,-1
322,2,1687.16,524.85,92.23,204.16,-1,-1,-1,-1
323,2,1686.62,524.26,90.53,204.72,-1,-1,-1,-1
324,2,1680.09,523.30,94.76,205.87,-1,-1,-1,-1
325,2,1676.99,522.90,101.46,205.96,-1,-1,-1,-1
326,2,1676.07,520.38,102.76,208.54,-1,-1,-1,-1
327,2,1675.92,519.74,103.28,209.34,-1,-1,-1,-1
328,2,1674.98,520.32,102.57,208.27,-1,-1,-1,-1
329,2,1671.53,522.30,101.12,206.55,-1,-1,-1,-1
330,2,1674.40,522.30,94.75,206.65,-1,-1,-1,-1
331,2,1677.40,522.17,89.60,206.39,-1,-1,-1,-1
332,2,1680.94,523.00,83.52,208.18,-1,-1,-1,-1
333,2,1681.08,523.15,83.25,208.80,-1,-1,-1,-1
334,2,1682.68,524.35,79.97,206.91,-1,-1,-1,-1
335,2,1684.41,524.09,78.40,207.34,-1,-1,-1,-1
336,2,1682.74,525.29,80.44,205.33,-1,-1,-1,-1
337,2,1683.32,523.25,82.04,207.41,-1,-1,-1,-1
338,2,1681.61,522.10,84.66,208.86,-1,-1,-1,-1
339,2,1677.51,522.09,88.17,208.95,-1,-1,-1,-1
340,2,1677.06,521.67,88.59,209.68,-1,-1,-1,-1
341,2,1681.72,522.18,83.04,208.82,-1,-1,-1,-1
342,2,1681.66,523.85,81.77,206.96,-1,-1,-1,-1
343,2,1681.29,523.47,82.96,207.68,-1,-1,-1,-1
344,2,1682.49,521.42,81.01,210.09,-1,-1,-1,-1
345,2,1677.09,520.83,84.25,211.29,-1,-1,-1,-1
346,2,1665.44,520.24,94.36,212.67,-1,-1,-1,-1
347,2,1669.78,519.83,88.98,212.49,-1,-1,-1,-1
348,2,1675.02,520.01,85.44,212.13,-1,-1,-1,-1
349,2,1677.24,521.63,83.63,210.26,-1,-1,-1,-1
350,2,1674.18,522.84,91.82,209.57,-1,-1,-1,-1
351,2,1672.84,524.12,91.66,208.20,-1,-1,-1,-1
352,2,1672.50,527.20,88.57,205.35,-1,-1,-1,-1
353,2,1676.89,526.52,84.74,206.71,-1,-1,-1,-1
354,2,1677.87,527.50,81.83,205.55,-1,-1,-1,-1
355,2,1678.00,526.53,84.55,206.40,-1,-1,-1,-1
356,2,1678.36,527.17,86.66,206.04,-1,-1,-1,-1
357,2,1681.15,527.69,89.12,206.48,-1,-1,-1,-1
358,2,1684.52,529.15,88.96,206.31,-1,-1,-1,-1
359,2,1687.62,529.62,90.22,205.79,-1,-1,-1,-1
360,2,1694.65,529.11,86.71,206.23,-1,-1,-1,-1
361,2,1701.58,525.51,86.67,209.98,-1,-1,-1,-1
362,2,1710.26,521.96,94.33,213.32,-1,-1,-1,-1
363,2,1717.90,518.35,84.87,217.15,-1,-1,-1,-1
364,2,1718.24,517.21,86.84,218.96,-1,-1,-1,-1
365,2,1721.65,516.89,94.90,220.83,-1,-1,-1,-1
366,2,1725.40,515.77,98.77,220.84,-1,-1,-1,-1
367,2,1729.28,515.52,110.50,220.32,-1,-1,-1,-1
368,2,1730.87,515.53,116.14,221.49,-1,-1,-1,-1
369,2,1733.63,516.24,121.72,221.21,-1,-1,-1,-1
370,2,1742.17,515.02,121.65,223.89,-1,-1,-1,-1
371,2,1758.77,518.46,107.35,220.39,-1,-1,-1,-1
372,2,1774.02,517.18,95.85,220.91,-1,-1,-1,-1
373,2,1784.26,516.57,89.44,222.72,-1,-1,-1,-1
374,2,1795.52,517.56,89.26,222.16,-1,-1,-1,-1
375,2,1803.41,518.91,102.26,224.05,-1,-1,-1,-1
376,2,1808.86,519.93,109.98,221.70,-1,-1,-1,-1
377,2,1817.70,519.61,106.48,225.53,-1,-1,-1,-1
378,2,1824.87,519.65,104.10,226.95,-1,-1,-1,-1
379,2,1825.03,520.17,125.61,225.91,-1,-1,-1,-1
380,2,1853.19,519.04,102.59,230.21,-1,-1,-1,-1
381,2,1863.89,522.77,92.37,225.79,-1,-1,-1,-1
264,3,1542.31,416.84,96.17,287.58,-1,-1,-1,-1
265,3,1542.68,416.78,96.80,287.48,-1,-1,-1,-1
266,3,1543.13,416.80,96.64,287.12,-1,-1,-1,-1
267,3,1544.25,417.11,95.92,287.05,-1,-1,-1,-1
268,3,1544.70,417.45,96.73,286.73,-1,-1,-1,-1
269,3,1549.62,418.87,92.25,285.32,-1,-1,-1,-1
270,3,1551.35,419.97,89.13,284.49,-1,-1,-1,-1
271,3,1552.08,420.88,89.80,283.74,-1,-1,-1,-1
272,3,1553.89,422.72,89.27,282.60,-1,-1,-1,-1
273,3,1556.02,423.56,88.50,281.16,-1,-1,-1,-1
274,3,1558.48,425.13,89.72,278.79,-1,-1,-1,-1
275,3,1560.20,426.22,92.14,277.50,-1,-1,-1,-1
276,3,1561.88,427.52,96.27,276.49,-1,-1,-1,-1
277,3,1567.03,429.52,107.89,275.99,-1,-1,-1,-1
278,3,1568.98,431.67,108.95,273.70,-1,-1,-1,-1
279,3,1570.67,435.67,109.06,269.89,-1,-1,-1,-1
280,3,1567.70,439.14,113.04,266.96,-1,-1,-1,-1
281,3,1572.25,444.41,109.48,261.26,-1,-1,-1,-1
282,3,1571.21,450.57,112.00,255.02,-1,-1,-1,-1
283,3,1574.22,455.58,108.46,249.80,-1,-1,-1,-1
284,3,1576.49,463.39,107.31,241.58,-1,-1,-1,-1
285,3,1580.63,466.83,105.77,238.16,-1,-1,-1,-1
286,3,1583.00,470.30,103.91,234.92,-1,-1,-1,-1
287,3,1584.98,478.47,100.95,226.78,-1,-1,-1,-1
288,3,1586.41,482.14,96.80,222.95,-1,-1,-1,-1
289,3,1588.84,490.57,94.45,214.04,-1,-1,-1,-1
290,3,1589.21,492.46,92.30,211.88,-1,-1,-1,-1
291,3,1590.58,498.40,90.14,205.48,-1,-1,-1,-1
292,3,1594.42,504.51,86.32,199.02,-1,-1,-1,-1
293,3,1595.37,507.64,86.35,195.92,-1,-1,-1,-1
294,3,1595.46,512.95,87.29,190.08,-1,-1,-1,-1
295,3,1597.37,521.15,86.86,181.75,-1,-1,-1,-1
296,3,1598.11,523.00,87.95,179.83,-1,-1,-1,-1
297,3,1600.93,524.10,89.70,179.38,-1,-1,-1,-1
298,3,1593.62,522.45,96.70,181.17,-1,-1,-1,-1
299,3,1592.95,524.02,96.87,179.79,-1,-1,-1,-1
300,3,1596.66,524.65,91.76,178.85,-1,-1,-1,-1
301,3,1597.48,524.02,86.83,179.34,-1,-1,-1,-1
302,3,1597.04,519.22,83.69,184.43,-1,-1,-1,-1
303,3,1596.52,518.24,85.14,184.99,-1,-1,-1,-1
304,3,1596.86,514.33,89.17,188.73,-1,-1,-1,-1
305,3,1596.00,511.58,93.43,191.01,-1,-1,-1,-1
306,3,1593.91,505.95,94.49,196.97,-1,-1,-1,-1
307,3,1591.36,497.13,105.11,206.47,-1,-1,-1,-1
308,3,1589.67,492.99,110.96,210.93,-1,-1,-1,-1
309,3,1587.60,488.11,112.13,216.24,-1,-1,-1,-1
310,3,1586.84,484.79,111.68,219.34,-1,-1,-1,-1
311,3,1586.34,481.47,114.01,222.85,-1,-1,-1,-1
312,3,1586.02,476.00,110.45,229.08,-1,-1,-1,-1
313,3,1585.56,474.32,108.88,230.76,-1,-1,-1,-1
314,3,1585.29,470.46,108.10,234.85,-1,-1,-1,-1
315,3,1585.67,468.67,106.54,237.04,-1,-1,-1,-1
316,3,1586.20,464.13,105.92,241.79,-1,-1,-1,-1
317,3,1588.42,461.57,103.13,244.09,-1,-1,-1,-1
318,3,1587.19,457.60,104.11,248.38,-1,-1,-1,-1
319,3,1585.43,453.24,105.06,252.47,-1,-1,-1,-1
320,3,1586.24,448.71,104.35,257.02,-1,-1,-1,-1
321,3,1586.12,445.99,104.27,260.16,-1,-1,-1,-1
322,3,1585.55,442.96,104.80,263.09,-1,-1,-1,-1
323,3,1583.69,438.34,105.55,267.13,-1,-1,-1,-1
324,3,1581.81,433.85,108.53,271.72,-1,-1,-1,-1
325,3,1581.51,430.86,107.71,274.04,-1,-1,-1,-1
326,3,1580.17,427.38,107.74,277.66,-1,-1,-1,-1
327,3,1583.74,421.72,106.03,283.47,-1,-1,-1,-1
328,3,1582.84,417.27,106.61,287.62,-1,-1,-1,-1
329,3,1590.71,412.52,102.91,292.59,-1,-1,-1,-1
330,3,1593.75,411.35,100.22,293.73,-1,-1,-1,-1
331,3,1595.40,410.37,103.44,294.46,-1,-1,-1,-1
332,3,1601.36,410.19,98.23,294.57,-1,-1,-1,-1
333,3,1604.97,409.30,97.80,294.96,-1,-1,-1,-1
334,3,1609.00,409.44,99.30,295.08,-1,-1,-1,-1
335,3,1612.17,409.34,100.08,296.11,-1,-1,-1,-1
336,3,1613.64,409.00,103.15,295.26,-1,-1,-1,-1
337,3,1613.20,408.75,106.20,296.18,-1,-1,-1,-1
338,3,1616.11,409.15,109.93,298.20,-1,-1,-1,-1
339,3,1619.26,408.32,111.53,297.44,-1,-1,-1,-1
340,3,1621.78,406.69,109.85,298.34,-1,-1,-1,-1
341,3,1623.16,407.29,117.72,298.05,-1,-1,-1,-1
342,3,1629.29,407.16,120.66,299.60,-1,-1,-1,-1
343,3,1637.10,407.23,117.74,298.04,-1,-1,-1,-1
344,3,1643.29,406.18,117.84,301.90,-1,-1,-1,-1
345,3,1658.15,405.66,105.58,302.89,-1,-1,-1,-1
346,3,1661.94,403.54,115.45,308.58,-1,-1,-1,-1
347,3,1670.67,402.28,114.21,311.78,-1,-1,-1,-1
348,3,1675.93,401.04,112.85,312.65,-1,-1,-1,-1
349,3,1677.47,399.73,111.10,312.39,-1,-1,-1,-1
350,3,1680.40,399.21,119.49,310.60,-1,-1,-1,-1
351,3,1682.17,398.21,121.36,313.18,-1,-1,-1,-1
352,3,1685.91,398.89,125.70,312.27,-1,-1,-1,-1
353,3,1685.46,397.99,131.71,317.11,-1,-1,-1,-1
354,3,1687.57,398.11,136.39,316.95,-1,-1,-1,-1
355,3,1695.60,398.29,135.36,319.07,-1,-1,-1,-1
356,3,1697.95,397.52,135.24,320.64,-1,-1,-1,-1
357,3,1701.36,396.60,140.02,322.82,-1,-1,-1,-1
358,3,1708.02,396.04,134.38,323.31,-1,-1,-1,-1
359,3,1706.83,395.61,141.49,324.64,-1,-1,-1,-1
360,3,1715.81,394.35,134.03,325.93,-1,-1,-1,-1
361,3,1718.29,392.76,138.30,327.94,-1,-1,-1,-1
362,3,1717.66,390.65,143.35,338.35,-1,-1,-1,-1
363,3,1726.44,390.74,142.26,331.11,-1,-1,-1,-1
364,3,1730.41,390.14,148.97,327.72,-1,-1,-1,-1
365,3,1739.55,388.48,149.28,329.25,-1,-1,-1,-1
366,3,1741.91,388.58,150.64,330.80,-1,-1,-1,-1
367,3,1731.54,387.39,172.47,339.05,-1,-1,-1,-1
368,3,1731.47,386.37,177.79,339.27,-1,-1,-1,-1
369,3,1733.44,385.44,181.35,342.47,-1,-1,-1,-1
370,3,1744.74,384.83,176.84,346.49,-1,-1,-1,-1
371,3,1748.52,386.20,178.48,345.93,-1,-1,-1,-1
372,3,1763.60,387.08,164.34,343.88,-1,-1,-1,-1
373,3,1773.67,385.23,154.19,349.52,-1,-1,-1,-1
374,3,1777.83,384.45,145.94,353.06,-1,-1,-1,-1
375,3,1797.06,382.74,125.27,353.96,-1,-1,-1,-1
376,3,1801.52,380.25,119.98,349.72,-1,-1,-1,-1
377,3,1809.49,376.96,112.25,351.27,-1,-1,-1,-1
378,3,1814.80,376.11,109.49,345.83,-1,-1,-1,-1
379,3,1816.21,375.46,111.85,349.31,-1,-1,-1,-1
380,3,1823.83,376.21,108.57,331.56,-1,-1,-1,-1
381,3,1833.13,373.95,110.26,365.00,-1,-1,-1,-1
382,3,1838.03,373.58,115.35,364.86,-1,-1,-1,-1
383,3,1838.37,373.52,126.05,369.89,-1,-1,-1,-1
384,3,1840.34,373.93,126.87,372.06,-1,-1,-1,-1
385,3,1845.50,373.80,121.47,368.05,-1,-1,-1,-1
386,3,1846.00,372.87,121.71,365.55,-1,-1,-1,-1
387,3,1850.84,370.86,117.99,362.03,-1,-1,-1,-1
388,3,1852.07,369.22,117.31,363.65,-1,-1,-1,-1
389,3,1852.85,367.90,119.39,365.78,-1,-1,-1,-1
390,3,1853.52,368.40,121.99,367.18,-1,-1,-1,-1
391,3,1853.62,366.82,123.71,352.38,-1,-1,-1,-1
264,4,1162.46,306.75,183.95,487.68,-1,-1,-1,-1
265,4,1170.23,308.80,187.79,485.33,-1,-1,-1,-1
266,4,1175.76,310.73,188.24,482.81,-1,-1,-1,-1
267,4,1183.44,313.41,182.52,477.59,-1,-1,-1,-1
268,4,1183.81,317.05,184.37,473.44,-1,-1,-1,-1
269,4,1198.15,317.73,174.20,461.53,-1,-1,-1,-1
270,4,1204.92,318.53,172.93,459.35,-1,-1,-1,-1
271,4,1209.29,317.88,176.54,457.13,-1,-1,-1,-1
272,4,1220.38,317.38,177.23,458.54,-1,-1,-1,-1
273,4,1225.21,316.69,176.86,458.13,-1,-1,-1,-1
274,4,1240.38,316.70,176.88,457.24,-1,-1,-1,-1
275,4,1248.03,316.39,175.69,456.82,-1,-1,-1,-1
276,4,1253.59,317.47,178.03,455.26,-1,-1,-1,-1
277,4,1263.06,320.90,179.13,451.08,-1,-1,-1,-1
278,4,1268.31,322.78,175.89,448.42,-1,-1,-1,-1
279,4,1273.32,327.65,179.24,442.43,-1,-1,-1,-1
280,4,1275.86,329.80,177.18,438.93,-1,-1,-1,-1
281,4,1282.56,331.60,177.31,433.97,-1,-1,-1,-1
282,4,1287.04,333.72,177.39,429.62,-1,-1,-1,-1
283,4,1293.70,333.29,171.89,424.63,-1,-1,-1,-1
284,4,1297.88,332.60,172.48,425.58,-1,-1,-1,-1
285,4,1299.33,332.36,172.46,423.88,-1,-1,-1,-1
286,4,1302.28,331.33,169.47,426.11,-1,-1,-1,-1
287,4,1311.72,330.90,162.96,423.67,-1,-1,-1,-1
288,4,1318.55,330.14,160.33,424.09,-1,-1,-1,-1
289,4,1328.49,331.61,153.70,419.25,-1,-1,-1,-1
318,4,1182.67,402.01,117.77,311.84,-1,-1,-1,-1
319,4,1180.40,401.25,113.00,312.91,-1,-1,-1,-1
320,4,1181.53,400.65,109.85,315.37,-1,-1,-1,-1
321,4,1179.24,400.80,111.30,317.63,-1,-1,-1,-1
322,4,1174.68,401.97,111.80,317.45,-1,-1,-1,-1
323,4,1172.88,401.49,111.13,319.51,-1,-1,-1,-1
324,4,1169.61,402.31,114.53,319.34,-1,-1,-1,-1
325,4,1166.42,403.29,117.23,319.85,-1,-1,-1,-1
326,4,1163.73,402.32,117.53,320.79,-1,-1,-1,-1
327,4,1162.45,400.51,119.76,323.75,-1,-1,-1,-1
328,4,1158.85,399.56,123.20,324.71,-1,-1,-1,-1
329,4,1156.44,397.42,123.92,327.64,-1,-1,-1,-1
330,4,1153.46,396.71,126.58,328.39,-1,-1,-1,-1
331,4,1150.72,395.27,130.19,329.65,-1,-1,-1,-1
332,4,1146.98,394.05,130.74,332.80,-1,-1,-1,-1
333,4,1146.84,392.96,130.84,334.82,-1,-1,-1,-1
334,4,1145.03,392.72,131.73,336.73,-1,-1,-1,-1
335,4,1145.48,393.30,131.05,337.94,-1,-1,-1,-1
336,4,1147.90,393.87,129.09,338.10,-1,-1,-1,-1
337,4,1145.44,393.94,130.69,340.05,-1,-1,-1,-1
338,4,1143.09,394.31,132.83,340.88,-1,-1,-1,-1
339,4,1143.68,393.39,133.17,343.06,-1,-1,-1,-1
340,4,1140.90,391.77,136.33,344.98,-1,-1,-1,-1
341,4,1139.45,389.84,138.34,347.14,-1,-1,-1,-1
342,4,1134.16,386.70,144.15,350.45,-1,-1,-1,-1
343,4,1135.01,384.51,143.96,352.70,-1,-1,-1,-1
344,4,1130.23,382.78,148.33,354.65,-1,-1,-1,-1
345,4,1124.76,381.55,153.97,359.13,-1,-1,-1,-1
346,4,1125.44,381.93,152.00,360.09,-1,-1,-1,-1
347,4,1126.70,382.28,149.72,361.71,-1,-1,-1,-1
348,4,1126.84,383.45,147.68,362.58,-1,-1,-1,-1
349,4,1126.43,383.69,146.53,364.19,-1,-1,-1,-1
350,4,1124.69,383.95,144.82,366.00,-1,-1,-1,-1
351,4,1124.56,382.47,144.01,368.93,-1,-1,-1,-1
352,4,1117.93,380.55,147.30,371.38,-1,-1,-1,-1
353,4,1109.24,378.48,154.05,373.59,-1,-1,-1,-1
354,4,1106.35,376.66,153.41,375.30,-1,-1,-1,-1
355,4,1097.89,373.31,159.72,378.70,-1,-1,-1,-1
356,4,1092.99,371.66,163.40,380.61,-1,-1,-1,-1
357,4,1091.13,370.58,164.22,383.18,-1,-1,-1,-1
358,4,1087.03,370.32,168.08,386.66,-1,-1,-1,-1
359,4,1086.79,370.73,168.17,387.80,-1,-1,-1,-1
360,4,1086.54,371.78,168.47,390.48,-1,-1,-1,-1
361,4,1087.54,371.45,167.53,393.34,-1,-1,-1,-1
362,4,1091.78,370.87,162.99,395.17,-1,-1,-1,-1
363,4,1090.46,371.46,164.35,396.24,-1,-1,-1,-1
364,4,1089.50,370.99,165.38,397.83,-1,-1,-1,-1
365,4,1088.96,370.27,166.51,399.19,-1,-1,-1,-1
366,4,1089.11,367.35,166.58,402.19,-1,-1,-1,-1
367,4,1081.40,362.33,174.31,408.14,-1,-1,-1,-1
368,4,1073.94,360.40,180.16,411.00,-1,-1,-1,-1
369,4,1071.05,358.06,180.28,414.15,-1,-1,-1,-1
370,4,1068.71,355.67,179.78,421.11,-1,-1,-1,-1
371,4,1066.87,354.16,180.42,424.71,-1,-1,-1,-1
372,4,1063.44,355.51,180.59,425.25,-1,-1,-1,-1
373,4,1058.59,356.51,180.94,425.85,-1,-1,-1,-1
374,4,1056.25,357.30,178.82,427.51,-1,-1,-1,-1
375,4,1056.32,358.89,173.73,428.29,-1,-1,-1,-1
376,4,1054.94,357.11,172.17,431.29,-1,-1,-1,-1
377,4,1046.82,354.20,173.96,437.37,-1,-1,-1,-1
378,4,1035.63,351.15,181.69,440.84,-1,-1,-1,-1
379,4,1031.59,348.71,183.47,443.25,-1,-1,-1,-1
380,4,1026.90,344.49,182.22,448.57,-1,-1,-1,-1
381,4,1024.35,341.18,181.55,451.98,-1,-1,-1,-1
382,4,1017.87,339.10,184.86,455.54,-1,-1,-1,-1
383,4,1010.96,337.81,190.84,460.25,-1,-1,-1,-1
384,4,1009.29,337.93,187.65,463.52,-1,-1,-1,-1
385,4,1007.24,337.97,187.35,465.67,-1,-1,-1,-1
386,4,1003.73,338.72,192.93,468.38,-1,-1,-1,-1
387,4,998.04,339.27,195.12,471.04,-1,-1,-1,-1
388,4,988.91,338.98,201.44,475.00,-1,-1,-1,-1
389,4,985.36,338.34,203.01,478.31,-1,-1,-1,-1
390,4,974.98,336.08,211.87,482.57,-1,-1,-1,-1
391,4,973.81,333.77,210.35,485.35,-1,-1,-1,-1
392,4,970.00,328.27,209.56,490.13,-1,-1,-1,-1
393,4,967.34,324.67,203.92,494.50,-1,-1,-1,-1
394,4,963.81,323.07,202.77,496.77,-1,-1,-1,-1
395,4,951.40,320.06,207.28,503.73,-1,-1,-1,-1
396,4,936.94,319.23,216.05,508.21,-1,-1,-1,-1
397,4,930.21,319.86,212.13,509.24,-1,-1,-1,-1
398,4,922.60,320.70,215.54,512.23,-1,-1,-1,-1
399,4,913.90,321.47,218.58,514.62,-1,-1,-1,-1
400,4,909.18,322.45,214.65,515.95,-1,-1,-1,-1
401,4,903.13,322.43,215.52,519.24,-1,-1,-1,-1
402,4,890.13,318.25,220.25,528.99,-1,-1,-1,-1
403,4,883.54,314.97,221.88,532.51,-1,-1,-1,-1
404,4,876.40,312.48,217.67,535.78,-1,-1,-1,-1
405,4,866.88,306.21,211.55,543.19,-1,-1,-1,-1
406,4,867.23,302.74,202.18,547.30,-1,-1,-1,-1
407,4,858.88,299.56,202.01,553.80,-1,-1,-1,-1
408,4,852.88,298.30,202.88,559.04,-1,-1,-1,-1
409,4,845.83,297.45,204.40,562.28,-1,-1,-1,-1
410,4,824.64,297.64,220.08,569.57,-1,-1,-1,-1
411,4,816.55,298.30,224.20,574.01,-1,-1,-1,-1
412,4,788.83,298.80,241.38,579.44,-1,-1,-1,-1
413,4,777.81,298.81,248.41,584.52,-1,-1,-1,-1
414,4,769.56,296.58,252.83,588.36,-1,-1,-1,-1
415,4,756.55,292.19,258.14,594.95,-1,-1,-1,-1
416,4,753.28,288.11,252.77,599.54,-1,-1,-1,-1
417,4,731.69,282.33,270.62,607.43,-1,-1,-1,-1
418,4,726.79,277.87,275.41,611.88,-1,-1,-1,-1
419,4,721.09,273.44,283.64,616.15,-1,-1,-1,-1
420,4,704.61,270.81,257.48,622.68,-1,-1,-1,-1
421,4,702.79,270.51,255.35,627.48,-1,-1,-1,-1
422,4,687.12,270.89,254.58,631.70,-1,-1,-1,-1
423,4,665.80,272.24,267.75,635.02,-1,-1,-1,-1
424,4,654.98,272.85,271.33,640.90,-1,-1,-1,-1
425,4,642.91,273.21,274.44,645.34,-1,-1,-1,-1
426,4,636.91,271.87,274.97,652.72,-1,-1,-1,-1
427,4,627.04,268.35,276.92,661.35,-1,-1,-1,-1
428,4,614.72,264.67,278.16,668.05,-1,-1,-1,-1
429,4,591.49,261.85,291.65,671.73,-1,-1,-1,-1
430,4,568.91,254.13,286.14,682.00,-1,-1,-1,-1
431,4,559.48,250.50,277.76,686.35,-1,-1,-1,-1
432,4,547.93,246.97,279.90,689.82,-1,-1,-1,-1
433,4,525.97,241.39,287.89,704.77,-1,-1,-1,-1
434,4,521.21,241.62,282.72,713.53,-1,-1,-1,-1
435,4,497.34,240.81,293.13,726.85,-1,-1,-1,-1
436,4,493.22,239.73,289.96,732.23,-1,-1,-1,-1
437,4,475.73,238.93,299.10,741.40,-1,-1,-1,-1
438,4,490.33,239.60,267.83,752.83,-1,-1,-1,-1
439,4,473.59,237.61,277.42,761.90,-1,-1,-1,-1
440,4,478.26,232.71,253.77,767.79,-1,-1,-1,-1
441,4,450.52,228.02,268.22,772.78,-1,-1,-1,-1
442,4,419.51,220.80,288.29,781.58,-1,-1,-1,-1
443,4,368.37,212.09,319.70,793.13,-1,-1,-1,-1
444,4,364.38,205.51,308.76,799.95,-1,-1,-1,-1
445,4,336.02,201.05,321.45,807.23,-1,-1,-1,-1
446,4,312.55,198.51,334.75,814.96,-1,-1,-1,-1
447,4,298.06,195.55,335.27,824.72,-1,-1,-1,-1
448,4,253.77,193.25,364.20,838.75,-1,-1,-1,-1
449,4,241.03,192.91,369.17,838.18,-1,-1,-1,-1
450,4,199.87,195.48,401.15,851.13,-1,-1,-1,-1
451,4,182.61,193.67,413.56,856.17,-1,-1,-1,-1
452,4,175.44,190.91,413.64,874.09,-1,-1,-1,-1
453,4,164.65,183.97,405.07,881.60,-1,-1,-1,-1
454,4,162.80,177.14,388.80,884.45,-1,-1,-1,-1
455,4,138.20,171.15,366.82,894.32,-1,-1,-1,-1
456,4,138.41,164.62,332.76,900.80,-1,-1,-1,-1
457,4,121.78,158.93,319.23,911.64,-1,-1,-1,-1
458,4,102.98,148.92,312.29,938.65,-1,-1,-1,-1
459,4,51.86,141.96,357.59,972.08,-1,-1,-1,-1
460,4,26.49,141.25,368.43,973.65,-1,-1,-1,-1
461,4,2.12,139.68,348.92,987.86,-1,-1,-1,-1
462,4,-26.13,137.88,371.12,1008.45,-1,-1,-1,-1
463,4,-40.61,137.48,363.58,1030.24,-1,-1,-1,-1
464,4,-82.83,137.46,420.25,1044.87,-1,-1,-1,-1
465,4,-153.37,129.11,468.67,1041.83,-1,-1,-1,-1
466,4,-157.62,121.62,423.81,1037.49,-1,-1,-1,-1
467,4,-151.19,117.04,391.15,1056.70,-1,-1,-1,-1
468,4,-215.67,107.22,450.41,1075.86,-1,-1,-1,-1
469,4,-203.83,109.75,419.50,1074.15,-1,-1,-1,-1
470,4,-200.16,114.08,404.51,1065.03,-1,-1,-1,-1
484,4,-191.08,214.81,416.31,806.23,-1,-1,-1,-1
485,4,-160.16,223.08,396.62,797.43,-1,-1,-1,-1
486,4,-97.27,225.50,360.61,783.40,-1,-1,-1,-1
487,4,-86.43,227.40,371.77,779.34,-1,-1,-1,-1
488,4,-66.61,228.03,343.69,780.58,-1,-1,-1,-1
489,4,-35.76,223.92,324.78,786.71,-1,-1,-1,-1
490,4,1.00,221.09,289.59,781.62,-1,-1,-1,-1
491,4,35.54,221.18,273.17,765.57,-1,-1,-1,-1
492,4,84.02,219.75,252.83,765.94,-1,-1,-1,-1
493,4,121.96,221.15,241.85,762.54,-1,-1,-1,-1
494,4,115.87,221.49,279.84,759.72,-1,-1,-1,-1
495,4,118.21,230.02,347.47,748.40,-1,-1,-1,-1
496,4,126.34,237.35,374.68,738.74,-1,-1,-1,-1
497,4,135.34,243.12,385.32,731.98,-1,-1,-1,-1
498,4,147.47,250.26,387.67,722.53,-1,-1,-1,-1
499,4,163.09,252.80,382.62,716.76,-1,-1,-1,-1
500,4,187.67,253.82,366.02,711.45,-1,-1,-1,-1
501,4,204.03,252.11,359.39,707.30,-1,-1,-1,-1
502,4,256.05,249.21,305.41,693.53,-1,-1,-1,-1
503,4,305.83,245.93,274.16,688.84,-1,-1,-1,-1
504,4,348.05,244.87,234.65,688.45,-1,-1,-1,-1
505,4,405.63,244.21,202.76,685.42,-1,-1,-1,-1
506,4,430.91,245.30,201.04,683.82,-1,-1,-1,-1
507,4,437.16,249.88,212.85,678.62,-1,-1,-1,-1
508,4,443.52,255.87,250.59,669.31,-1,-1,-1,-1
509,4,445.96,261.22,269.62,664.40,-1,-1,-1,-1
510,4,449.31,268.54,296.21,657.57,-1,-1,-1,-1
511,4,457.24,270.27,300.89,654.27,-1,-1,-1,-1
512,4,466.22,276.30,298.89,646.31,-1,-1,-1,-1
513,4,490.65,277.57,283.15,641.82,-1,-1,-1,-1
514,4,521.88,277.69,255.11,632.19,-1,-1,-1,-1
515,4,556.27,277.76,227.56,621.96,-1,-1,-1,-1
516,4,597.61,275.10,200.28,615.02,-1,-1,-1,-1
517,4,625.27,273.71,190.32,608.51,-1,-1,-1,-1
518,4,656.54,273.29,175.17,611.39,-1,-1,-1,-1
519,4,668.91,275.23,173.30,607.75,-1,-1,-1,-1
520,4,674.15,275.22,188.13,606.78,-1,-1,-1,-1
521,4,673.32,278.73,240.50,600.11,-1,-1,-1,-1
522,4,677.65,284.06,258.64,593.64,-1,-1,-1,-1
523,4,686.94,290.92,274.06,585.83,-1,-1,-1,-1
524,4,694.56,294.95,270.73,578.95,-1,-1,-1,-1
525,4,701.73,298.47,268.60,574.76,-1,-1,-1,-1
264,5,1402.76,372.40,136.17,344.28,-1,-1,-1,-1
265,5,1405.73,373.63,135.42,342.17,-1,-1,-1,-1
266,5,1408.06,375.19,136.62,339.45,-1,-1,-1,-1
267,5,1415.01,377.80,133.37,336.46,-1,-1,-1,-1
268,5,1417.75,380.65,133.25,333.67,-1,-1,-1,-1
269,5,1424.06,382.05,127.38,331.69,-1,-1,-1,-1
270,5,1425.94,383.15,127.12,330.67,-1,-1,-1,-1
271,5,1428.97,383.01,122.55,330.82,-1,-1,-1,-1
272,5,1431.31,383.79,115.06,324.20,-1,-1,-1,-1
273,5,1436.20,383.84,105.51,321.63,-1,-1,-1,-1
274,5,1442.08,384.22,98.08,320.77,-1,-1,-1,-1
275,5,1445.02,383.68,96.19,321.04,-1,-1,-1,-1
276,5,1446.66,383.20,99.55,322.20,-1,-1,-1,-1
277,5,1453.50,384.08,100.58,320.61,-1,-1,-1,-1
278,5,1454.38,385.20,105.74,318.71,-1,-1,-1,-1
279,5,1460.48,386.62,112.60,316.69,-1,-1,-1,-1
280,5,1465.91,387.25,113.87,315.62,-1,-1,-1,-1
281,5,1467.39,389.61,117.55,313.29,-1,-1,-1,-1
282,5,1473.51,390.11,116.54,312.05,-1,-1,-1,-1
283,5,1475.61,388.67,116.36,313.24,-1,-1,-1,-1
284,5,1477.06,386.26,117.48,315.12,-1,-1,-1,-1
285,5,1483.32,386.37,113.15,314.12,-1,-1,-1,-1
286,5,1486.21,385.99,111.71,313.19,-1,-1,-1,-1
287,5,1493.67,384.59,105.73,311.42,-1,-1,-1,-1
288,5,1501.45,384.96,107.01,310.69,-1,-1,-1,-1
289,5,1510.25,383.80,111.65,312.43,-1,-1,-1,-1
290,5,1515.13,385.21,114.06,309.90,-1,-1,-1,-1
291,5,1517.68,385.10,117.22,309.88,-1,-1,-1,-1
292,5,1525.93,384.43,122.49,312.58,-1,-1,-1,-1
293,5,1533.30,385.57,123.93,311.81,-1,-1,-1,-1
294,5,1537.94,387.00,135.74,310.84,-1,-1,-1,-1
295,5,1538.87,390.89,146.89,307.91,-1,-1,-1,-1
296,5,1542.87,392.45,146.25,305.13,-1,-1,-1,-1
297,5,1548.35,392.19,144.60,307.03,-1,-1,-1,-1
298,5,1556.59,392.37,135.45,306.05,-1,-1,-1,-1
299,5,1563.09,389.14,129.87,308.33,-1,-1,-1,-1
300,5,1567.77,389.45,123.39,303.49,-1,-1,-1,-1
301,5,1570.85,389.42,115.90,306.63,-1,-1,-1,-1
302,5,1576.04,387.28,100.47,307.00,-1,-1,-1,-1
303,5,1576.86,389.41,98.90,298.37,-1,-1,-1,-1
304,5,1582.81,386.43,93.49,300.81,-1,-1,-1,-1
305,5,1586.32,390.62,92.05,289.73,-1,-1,-1,-1
306,5,1589.03,390.00,92.53,294.64,-1,-1,-1,-1
307,5,1592.87,392.92,98.83,289.59,-1,-1,-1,-1
308,5,1601.83,394.27,91.37,276.69,-1,-1,-1,-1
309,5,1606.48,394.86,93.55,278.97,-1,-1,-1,-1
310,5,1609.79,395.16,96.61,279.06,-1,-1,-1,-1
311,5,1616.89,395.63,94.97,279.88,-1,-1,-1,-1
312,5,1624.27,394.75,100.64,280.59,-1,-1,-1,-1
313,5,1625.80,394.40,107.95,282.09,-1,-1,-1,-1
314,5,1634.04,393.98,111.01,282.54,-1,-1,-1,-1
315,5,1637.74,394.14,123.68,282.34,-1,-1,-1,-1
316,5,1639.41,393.77,134.87,283.75,-1,-1,-1,-1
317,5,1642.28,393.95,136.38,285.07,-1,-1,-1,-1
318,5,1645.86,395.55,132.48,283.44,-1,-1,-1,-1
319,5,1649.94,395.92,136.18,285.66,-1,-1,-1,-1
320,5,1655.73,397.38,129.62,283.48,-1,-1,-1,-1
321,5,1659.02,399.09,126.11,280.59,-1,-1,-1,-1
322,5,1668.08,398.09,115.86,281.46,-1,-1,-1,-1
323,5,1671.79,397.76,112.62,281.09,-1,-1,-1,-1
324,5,1674.24,396.55,113.63,284.68,-1,-1,-1,-1
325,5,1676.83,396.03,109.91,272.40,-1,-1,-1,-1
326,5,1679.92,396.93,108.81,279.82,-1,-1,-1,-1
327,5,1684.26,397.40,108.02,279.72,-1,-1,-1,-1
328,5,1687.39,397.26,107.01,271.88,-1,-1,-1,-1
329,5,1693.89,398.87,106.96,266.38,-1,-1,-1,-1
330,5,1696.60,400.35,110.50,264.17,-1,-1,-1,-1
331,5,1697.53,400.34,113.90,262.09,-1,-1,-1,-1
332,5,1702.46,404.09,108.73,257.25,-1,-1,-1,-1
333,5,1704.11,405.04,109.69,255.71,-1,-1,-1,-1
334,5,1711.01,404.25,105.34,258.57,-1,-1,-1,-1
335,5,1716.16,405.14,101.24,256.60,-1,-1,-1,-1
336,5,1718.31,405.07,99.50,256.64,-1,-1,-1,-1
337,5,1721.56,403.55,100.90,256.74,-1,-1,-1,-1
338,5,1723.59,402.33,107.14,256.87,-1,-1,-1,-1
339,5,1727.76,400.18,109.69,259.27,-1,-1,-1,-1
340,5,1731.07,399.95,108.45,259.09,-1,-1,-1,-1
341,5,1731.73,400.72,114.62,258.47,-1,-1,-1,-1
342,5,1736.18,403.09,115.03,257.10,-1,-1,-1,-1
343,5,1735.80,402.80,116.21,256.30,-1,-1,-1,-1
344,5,1739.46,404.40,109.74,254.62,-1,-1,-1,-1
345,5,1745.67,405.16,94.05,252.13,-1,-1,-1,-1
346,5,1748.22,406.11,101.33,251.32,-1,-1,-1,-1
347,5,1754.20,406.42,98.48,250.74,-1,-1,-1,-1
348,5,1752.81,405.98,101.05,250.57,-1,-1,-1,-1
349,5,1755.18,406.37,96.72,247.15,-1,-1,-1,-1
350,5,1757.86,404.34,102.41,249.47,-1,-1,-1,-1
351,5,1762.83,403.75,98.43,248.83,-1,-1,-1,-1
352,5,1768.91,403.17,94.50,249.62,-1,-1,-1,-1
353,5,1767.96,403.61,95.73,247.88,-1,-1,-1,-1
354,5,1770.13,404.08,94.32,247.06,-1,-1,-1,-1
355,5,1773.76,404.59,94.88,247.08,-1,-1,-1,-1
356,5,1776.70,406.35,95.13,244.23,-1,-1,-1,-1
357,5,1782.56,407.48,90.00,241.71,-1,-1,-1,-1
358,5,1783.32,407.99,90.48,241.74,-1,-1,-1,-1
359,5,1785.90,409.00,88.29,239.21,-1,-1,-1,-1
360,5,1789.45,408.44,85.91,240.20,-1,-1,-1,-1
361,5,1792.60,408.28,84.79,238.73,-1,-1,-1,-1
376,5,1760.93,444.30,70.52,198.48,-1,-1,-1,-1
377,5,1766.85,445.57,65.68,198.35,-1,-1,-1,-1
378,5,1765.50,446.21,68.01,196.76,-1,-1,-1,-1
379,5,1765.69,447.66,66.66,194.59,-1,-1,-1,-1
380,5,1770.73,448.13,69.89,192.95,-1,-1,-1,-1
381,5,1773.10,449.51,71.21,190.23,-1,-1,-1,-1
382,5,1771.23,448.64,74.60,197.19,-1,-1,-1,-1
383,5,1773.49,449.12,73.19,194.55,-1,-1,-1,-1
384,5,1776.08,447.93,74.58,194.90,-1,-1,-1,-1
385,5,1780.58,446.99,72.06,192.00,-1,-1,-1,-1
386,5,1781.31,446.27,74.34,191.91,-1,-1,-1,-1
387,5,1784.94,447.94,74.71,188.61,-1,-1,-1,-1
388,5,1787.63,448.99,75.37,187.79,-1,-1,-1,-1
389,5,1788.75,448.75,78.81,188.58,-1,-1,-1,-1
390,5,1793.22,450.98,79.29,183.68,-1,-1,-1,-1
391,5,1796.25,451.55,77.21,182.28,-1,-1,-1,-1
392,5,1798.93,453.63,78.03,179.65,-1,-1,-1,-1
393,5,1804.07,454.31,71.48,178.52,-1,-1,-1,-1
394,5,1806.44,453.40,70.73,178.25,-1,-1,-1,-1
395,5,1807.49,450.26,71.34,181.15,-1,-1,-1,-1
396,5,1810.86,450.95,68.19,180.47,-1,-1,-1,-1
397,5,1810.74,449.73,70.39,182.02,-1,-1,-1,-1
398,5,1812.39,448.38,72.26,183.13,-1,-1,-1,-1
399,5,1809.82,447.12,78.30,184.41,-1,-1,-1,-1
400,5,1811.41,446.03,77.40,186.72,-1,-1,-1,-1
401,5,1811.88,447.94,79.91,185.04,-1,-1,-1,-1
402,5,1806.41,436.65,87.10,197.46,-1,-1,-1,-1
403,5,1816.61,442.75,79.61,189.13,-1,-1,-1,-1
404,5,1822.30,442.38,76.71,188.62,-1,-1,-1,-1
405,5,1821.84,446.31,78.75,183.91,-1,-1,-1,-1
406,5,1829.28,447.79,70.85,180.51,-1,-1,-1,-1
407,5,1832.05,448.37,69.34,178.44,-1,-1,-1,-1
408,5,1830.28,443.60,72.59,183.41,-1,-1,-1,-1
409,5,1835.72,445.14,68.50,182.78,-1,-1,-1,-1
410,5,1838.98,447.40,67.80,179.74,-1,-1,-1,-1
411,5,1839.80,446.46,67.80,182.07,-1,-1,-1,-1
412,5,1838.67,444.30,74.25,188.31,-1,-1,-1,-1
420,5,1871.40,445.51,58.57,179.12,-1,-1,-1,-1
421,5,1874.43,443.80,57.36,180.54,-1,-1,-1,-1
422,5,1873.74,439.73,67.01,184.00,-1,-1,-1,-1
423,5,1877.15,439.69,68.34,185.46,-1,-1,-1,-1
264,6,979.59,327.60,187.18,522.24,-1,-1,-1,-1
265,6,989.14,327.49,184.84,522.40,-1,-1,-1,-1
266,6,999.72,328.37,183.82,520.52,-1,-1,-1,-1
267,6,1010.59,330.20,213.72,516.39,-1,-1,-1,-1
268,6,1013.90,331.09,228.49,515.03,-1,-1,-1,-1
269,6,1023.74,333.42,234.91,511.30,-1,-1,-1,-1
270,6,1030.88,334.04,236.84,509.50,-1,-1,-1,-1
271,6,1041.77,333.23,231.81,509.04,-1,-1,-1,-1
272,6,1056.56,334.50,220.35,507.33,-1,-1,-1,-1
273,6,1074.09,333.81,207.61,506.34,-1,-1,-1,-1
274,6,1100.74,331.90,190.09,502.03,-1,-1,-1,-1
275,6,1118.69,330.73,175.24,503.44,-1,-1,-1,-1
276,6,1132.01,330.23,171.07,502.67,-1,-1,-1,-1
277,6,1140.46,330.75,173.30,499.76,-1,-1,-1,-1
278,6,1141.96,331.70,180.63,497.87,-1,-1,-1,-1
279,6,1163.15,334.43,175.93,494.12,-1,-1,-1,-1
280,6,1175.48,337.07,178.90,492.13,-1,-1,-1,-1
281,6,1179.70,337.32,183.98,490.20,-1,-1,-1,-1
282,6,1196.37,341.16,178.76,484.66,-1,-1,-1,-1
283,6,1202.98,342.35,179.03,481.46,-1,-1,-1,-1
284,6,1216.38,341.69,182.52,480.31,-1,-1,-1,-1
285,6,1227.69,342.34,181.32,475.75,-1,-1,-1,-1
286,6,1231.62,340.87,184.51,470.41,-1,-1,-1,-1
287,6,1242.44,340.23,183.99,467.11,-1,-1,-1,-1
288,6,1246.01,339.72,194.36,467.93,-1,-1,-1,-1
289,6,1264.11,339.63,180.01,467.23,-1,-1,-1,-1
290,6,1274.90,338.92,176.12,465.95,-1,-1,-1,-1
291,6,1276.25,342.12,189.47,461.24,-1,-1,-1,-1
292,6,1291.16,344.59,192.83,457.86,-1,-1,-1,-1
293,6,1296.47,347.99,195.80,453.15,-1,-1,-1,-1
294,6,1305.90,351.02,192.09,449.40,-1,-1,-1,-1
295,6,1313.90,351.39,187.57,448.70,-1,-1,-1,-1
296,6,1320.94,351.63,185.48,447.98,-1,-1,-1,-1
297,6,1335.60,350.85,177.24,443.72,-1,-1,-1,-1
298,6,1343.03,349.56,178.21,439.51,-1,-1,-1,-1
299,6,1356.67,347.34,173.39,440.48,-1,-1,-1,-1
300,6,1363.64,346.74,174.57,439.39,-1,-1,-1,-1
301,6,1366.18,346.75,176.24,439.63,-1,-1,-1,-1
302,6,1368.45,345.90,181.77,438.80,-1,-1,-1,-1
303,6,1370.76,348.48,182.90,435.67,-1,-1,-1,-1
304,6,1374.45,350.87,190.68,433.55,-1,-1,-1,-1
305,6,1377.09,352.79,193.32,431.35,-1,-1,-1,-1
306,6,1380.68,354.45,191.92,428.49,-1,-1,-1,-1
307,6,1387.23,357.79,186.99,423.54,-1,-1,-1,-1
308,6,1391.80,359.10,183.56,421.35,-1,-1,-1,-1
309,6,1401.70,360.56,179.72,418.42,-1,-1,-1,-1
310,6,1410.32,360.68,174.44,412.77,-1,-1,-1,-1
311,6,1413.87,360.20,172.15,410.81,-1,-1,-1,-1
312,6,1419.15,359.57,175.88,411.53,-1,-1,-1,-1
313,6,1421.51,359.40,174.45,409.46,-1,-1,-1,-1
314,6,1427.40,360.23,174.95,407.90,-1,-1,-1,-1
315,6,1432.62,361.33,170.21,406.39,-1,-1,-1,-1
316,6,1436.66,361.39,166.11,405.79,-1,-1,-1,-1
317,6,1441.30,364.40,162.32,401.22,-1,-1,-1,-1
318,6,1442.87,366.85,160.08,398.90,-1,-1,-1,-1
319,6,1444.52,369.42,161.70,396.06,-1,-1,-1,-1
320,6,1447.32,371.29,162.42,392.80,-1,-1,-1,-1
321,6,1448.91,370.82,161.89,392.67,-1,-1,-1,-1
322,6,1453.01,370.56,157.78,389.66,-1,-1,-1,-1
323,6,1453.21,369.78,159.67,386.18,-1,-1,-1,-1
324,6,1453.30,369.24,160.83,384.73,-1,-1,-1,-1
325,6,1451.30,368.73,164.36,384.36,-1,-1,-1,-1
326,6,1451.17,369.38,163.83,383.41,-1,-1,-1,-1
327,6,1450.89,370.22,165.19,381.97,-1,-1,-1,-1
328,6,1451.27,371.03,166.39,380.53,-1,-1,-1,-1
329,6,1450.79,373.59,164.11,377.78,-1,-1,-1,-1
330,6,1451.25,373.38,162.18,377.29,-1,-1,-1,-1
331,6,1451.12,373.20,160.54,376.86,-1,-1,-1,-1
332,6,1452.16,373.61,157.16,376.24,-1,-1,-1,-1
333,6,1452.31,374.45,154.74,374.72,-1,-1,-1,-1
334,6,1451.90,376.78,153.87,369.82,-1,-1,-1,-1
335,6,1451.26,377.50,154.39,365.75,-1,-1,-1,-1
336,6,1450.92,378.73,152.83,362.44,-1,-1,-1,-1
337,6,1448.05,378.64,151.56,360.58,-1,-1,-1,-1
338,6,1447.31,378.78,151.11,359.28,-1,-1,-1,-1
339,6,1445.37,379.42,151.84,356.69,-1,-1,-1,-1
340,6,1444.64,379.87,152.95,355.17,-1,-1,-1,-1
341,6,1446.87,380.40,151.42,354.32,-1,-1,-1,-1
342,6,1447.41,384.13,151.25,350.50,-1,-1,-1,-1
343,6,1448.73,387.72,149.71,346.29,-1,-1,-1,-1
344,6,1451.12,391.19,148.00,341.40,-1,-1,-1,-1
345,6,1454.35,393.46,144.96,339.53,-1,-1,-1,-1
346,6,1457.23,393.91,141.78,338.80,-1,-1,-1,-1
347,6,1462.18,393.83,139.79,337.96,-1,-1,-1,-1
348,6,1464.51,393.50,138.85,337.22,-1,-1,-1,-1
349,6,1466.05,393.04,140.57,333.19,-1,-1,-1,-1
350,6,1467.72,391.63,144.43,332.30,-1,-1,-1,-1
351,6,1469.73,391.86,145.95,331.80,-1,-1,-1,-1
352,6,1473.05,392.84,144.41,330.88,-1,-1,-1,-1
353,6,1475.33,393.55,145.07,329.42,-1,-1,-1,-1
354,6,1480.11,393.93,147.01,328.57,-1,-1,-1,-1
355,6,1483.86,396.23,148.18,325.84,-1,-1,-1,-1
356,6,1487.19,397.80,143.63,324.26,-1,-1,-1,-1
357,6,1492.85,399.77,140.40,320.90,-1,-1,-1,-1
358,6,1496.15,400.31,133.63,320.27,-1,-1,-1,-1
359,6,1495.08,400.60,136.28,319.53,-1,-1,-1,-1
360,6,1506.37,401.31,131.75,315.94,-1,-1,-1,-1
361,6,1508.40,402.34,129.72,309.74,-1,-1,-1,-1
362,6,1515.64,401.53,129.99,310.48,-1,-1,-1,-1
363,6,1519.20,401.40,127.82,309.86,-1,-1,-1,-1
364,6,1519.88,400.13,131.37,311.27,-1,-1,-1,-1
365,6,1530.84,401.11,124.15,308.61,-1,-1,-1,-1
366,6,1534.03,401.68,124.57,307.34,-1,-1,-1,-1
367,6,1538.08,405.39,131.36,302.69,-1,-1,-1,-1
368,6,1541.81,406.23,135.30,301.40,-1,-1,-1,-1
369,6,1546.09,406.37,132.87,300.72,-1,-1,-1,-1
370,6,1553.20,406.49,133.98,299.15,-1,-1,-1,-1
371,6,1554.94,406.46,131.34,299.04,-1,-1,-1,-1
372,6,1563.82,405.38,128.85,299.29,-1,-1,-1,-1
373,6,1572.31,404.88,127.63,297.99,-1,-1,-1,-1
374,6,1576.84,403.26,127.01,299.17,-1,-1,-1,-1
375,6,1580.10,402.59,128.70,298.91,-1,-1,-1,-1
376,6,1583.22,400.87,123.79,300.19,-1,-1,-1,-1
377,6,1587.00,402.15,131.13,298.28,-1,-1,-1,-1
378,6,1589.51,402.40,134.92,297.76,-1,-1,-1,-1
379,6,1593.44,404.57,135.36,296.50,-1,-1,-1,-1
380,6,1602.75,406.27,130.09,293.40,-1,-1,-1,-1
381,6,1605.91,408.16,129.62,291.79,-1,-1,-1,-1
382,6,1613.53,407.66,126.02,292.27,-1,-1,-1,-1
383,6,1615.65,407.59,123.86,291.65,-1,-1,-1,-1
384,6,1617.73,407.09,126.77,289.16,-1,-1,-1,-1
385,6,1622.20,406.90,123.95,285.78,-1,-1,-1,-1
386,6,1624.19,406.17,122.83,287.09,-1,-1,-1,-1
387,6,1629.95,406.37,120.41,286.01,-1,-1,-1,-1
388,6,1635.41,406.55,118.98,285.70,-1,-1,-1,-1
389,6,1638.07,406.86,119.90,284.51,-1,-1,-1,-1
390,6,1642.54,408.44,121.92,281.95,-1,-1,-1,-1
391,6,1645.36,409.60,124.71,280.36,-1,-1,-1,-1
392,6,1648.21,411.64,126.39,278.39,-1,-1,-1,-1
393,6,1653.62,412.63,120.98,276.55,-1,-1,-1,-1
394,6,1658.64,411.91,118.78,278.34,-1,-1,-1,-1
395,6,1664.43,410.19,119.82,279.39,-1,-1,-1,-1
396,6,1669.26,410.32,119.62,277.47,-1,-1,-1,-1
397,6,1674.92,407.68,121.92,276.82,-1,-1,-1,-1
398,6,1677.17,407.15,125.77,277.49,-1,-1,-1,-1
399,6,1679.27,406.32,128.56,278.06,-1,-1,-1,-1
400,6,1682.40,405.17,127.49,278.58,-1,-1,-1,-1
401,6,1684.68,405.87,130.38,277.15,-1,-1,-1,-1
402,6,1686.88,406.20,132.57,275.81,-1,-1,-1,-1
403,6,1687.79,408.31,134.84,273.66,-1,-1,-1,-1
404,6,1688.87,410.57,133.27,272.07,-1,-1,-1,-1
405,6,1694.38,413.75,134.30,267.43,-1,-1,-1,-1
406,6,1699.83,414.91,126.97,265.92,-1,-1,-1,-1
407,6,1708.45,413.95,121.06,267.07,-1,-1,-1,-1
408,6,1712.04,414.34,117.53,263.42,-1,-1,-1,-1
409,6,1716.66,413.98,115.00,261.35,-1,-1,-1,-1
410,6,1718.88,414.07,113.05,260.98,-1,-1,-1,-1
411,6,1721.52,414.52,115.59,260.35,-1,-1,-1,-1
412,6,1725.33,415.09,113.08,259.14,-1,-1,-1,-1
413,6,1729.19,414.71,112.09,259.71,-1,-1,-1,-1
414,6,1732.20,415.20,110.10,258.53,-1,-1,-1,-1
415,6,1735.65,415.85,111.60,257.27,-1,-1,-1,-1
416,6,1738.90,416.17,110.58,256.14,-1,-1,-1,-1
417,6,1742.37,417.86,110.71,254.48,-1,-1,-1,-1
418,6,1743.62,418.62,113.47,253.34,-1,-1,-1,-1
419,6,1747.65,417.61,113.57,254.82,-1,-1,-1,-1
420,6,1754.58,416.74,113.29,253.44,-1,-1,-1,-1
421,6,1757.57,417.28,114.24,251.29,-1,-1,-1,-1
422,6,1764.18,416.54,113.01,251.78,-1,-1,-1,-1
423,6,1767.97,415.25,111.28,252.75,-1,-1,-1,-1
424,6,1772.71,414.95,108.40,253.29,-1,-1,-1,-1
425,6,1776.92,416.09,113.19,250.69,-1,-1,-1,-1
426,6,1777.19,415.92,117.20,250.90,-1,-1,-1,-1
427,6,1776.64,415.73,125.44,252.27,-1,-1,-1,-1
428,6,1782.61,417.46,120.45,249.69,-1,-1,-1,-1
429,6,1785.87,418.18,116.90,248.30,-1,-1,-1,-1
430,6,1787.10,420.86,124.61,244.89,-1,-1,-1,-1
431,6,1790.13,421.24,120.09,244.64,-1,-1,-1,-1
432,6,1796.80,421.37,112.27,243.62,-1,-1,-1,-1
433,6,1801.02,419.99,109.10,240.89,-1,-1,-1,-1
434,6,1806.42,419.43,105.02,241.66,-1,-1,-1,-1
435,6,1812.07,417.07,101.09,245.09,-1,-1,-1,-1
436,6,1815.64,415.77,103.05,252.04,-1,-1,-1,-1
437,6,1819.00,417.37,101.43,249.41,-1,-1,-1,-1
438,6,1824.29,418.58,99.77,254.07,-1,-1,-1,-1
439,6,1826.19,421.11,98.88,249.91,-1,-1,-1,-1
440,6,1826.87,419.87,96.97,248.94,-1,-1,-1,-1
451,6,1814.36,382.22,145.23,294.36,-1,-1,-1,-1
452,6,1805.29,381.83,157.85,293.76,-1,-1,-1,-1
453,6,1803.34,388.19,131.88,282.46,-1,-1,-1,-1
454,6,1803.59,387.69,130.23,285.00,-1,-1,-1,-1
455,6,1774.05,387.80,158.78,286.52,-1,-1,-1,-1
456,6,1784.83,388.86,140.59,283.83,-1,-1,-1,-1
457,6,1779.37,388.58,142.82,287.49,-1,-1,-1,-1
458,6,1783.08,388.00,124.07,287.29,-1,-1,-1,-1
459,6,1782.39,389.38,111.76,284.26,-1,-1,-1,-1
460,6,1764.55,389.61,103.78,285.23,-1,-1,-1,-1
461,6,1756.23,389.68,103.37,283.07,-1,-1,-1,-1
462,6,1745.99,389.35,105.21,284.05,-1,-1,-1,-1
463,6,1741.46,390.02,109.70,281.99,-1,-1,-1,-1
464,6,1735.57,390.67,115.25,280.68,-1,-1,-1,-1
465,6,1717.33,394.89,131.42,278.12,-1,-1,-1,-1
466,6,1722.98,398.06,124.73,273.55,-1,-1,-1,-1
467,6,1702.81,396.98,141.45,275.59,-1,-1,-1,-1
468,6,1697.21,399.20,143.81,271.57,-1,-1,-1,-1
469,6,1695.20,398.76,140.97,271.98,-1,-1,-1,-1
470,6,1685.87,398.86,141.85,272.20,-1,-1,-1,-1
471,6,1682.43,399.01,136.88,272.45,-1,-1,-1,-1
472,6,1682.99,397.84,124.24,273.59,-1,-1,-1,-1
473,6,1674.66,398.01,115.72,271.29,-1,-1,-1,-1
474,6,1668.79,397.87,110.91,271.10,-1,-1,-1,-1
475,6,1646.54,399.56,113.02,269.26,-1,-1,-1,-1
476,6,1639.11,399.61,109.80,268.68,-1,-1,-1,-1
477,6,1621.63,400.38,116.49,269.63,-1,-1,-1,-1
478,6,1625.40,402.10,110.82,266.51,-1,-1,-1,-1
479,6,1623.47,403.17,112.43,266.69,-1,-1,-1,-1
480,6,1608.89,405.54,124.61,266.66,-1,-1,-1,-1
481,6,1600.89,407.87,130.21,262.71,-1,-1,-1,-1
482,6,1598.13,408.64,128.09,261.15,-1,-1,-1,-1
483,6,1584.93,410.00,136.52,260.37,-1,-1,-1,-1
484,6,1576.82,411.46,137.99,259.12,-1,-1,-1,-1
485,6,1578.47,411.31,122.06,257.71,-1,-1,-1,-1
486,6,1572.34,410.97,112.88,258.59,-1,-1,-1,-1
487,6,1564.89,411.13,108.98,258.43,-1,-1,-1,-1
488,6,1559.13,410.43,98.06,257.83,-1,-1,-1,-1
489,6,1549.91,410.16,96.00,258.73,-1,-1,-1,-1
490,6,1547.31,411.20,96.31,257.66,-1,-1,-1,-1
491,6,1539.84,411.83,104.88,256.53,-1,-1,-1,-1
492,6,1531.88,413.57,110.54,254.91,-1,-1,-1,-1
493,6,1511.63,416.32,123.10,249.62,-1,-1,-1,-1
494,6,1506.71,416.32,125.68,248.38,-1,-1,-1,-1
495,6,1505.23,414.56,124.40,251.22,-1,-1,-1,-1
496,6,1514.64,412.12,111.09,253.37,-1,-1,-1,-1
500,6,1468.51,417.69,80.09,248.51,-1,-1,-1,-1
501,6,1468.58,416.80,79.57,249.56,-1,-1,-1,-1
502,6,1469.20,416.76,78.85,249.18,-1,-1,-1,-1
503,6,1455.18,418.78,81.66,247.21,-1,-1,-1,-1
504,6,1447.41,418.83,87.35,247.79,-1,-1,-1,-1
505,6,1436.31,422.59,95.77,245.04,-1,-1,-1,-1
506,6,1428.76,423.55,100.89,244.92,-1,-1,-1,-1
507,6,1427.43,425.28,99.02,241.50,-1,-1,-1,-1
508,6,1420.29,427.52,103.25,240.62,-1,-1,-1,-1
509,6,1410.39,428.07,111.33,239.72,-1,-1,-1,-1
510,6,1407.07,428.99,110.99,237.96,-1,-1,-1,-1
511,6,1406.67,428.30,103.80,238.27,-1,-1,-1,-1
512,6,1400.32,427.98,100.63,239.09,-1,-1,-1,-1
513,6,1398.33,428.52,89.86,236.79,-1,-1,-1,-1
514,6,1390.50,428.60,85.53,237.42,-1,-1,-1,-1
515,6,1385.85,428.48,82.05,236.72,-1,-1,-1,-1
516,6,1382.36,427.48,82.81,236.03,-1,-1,-1,-1
517,6,1381.29,427.54,84.79,235.83,-1,-1,-1,-1
518,6,1374.86,430.89,92.92,233.61,-1,-1,-1,-1
519,6,1367.02,430.76,90.28,235.27,-1,-1,-1,-1
520,6,1364.04,433.50,89.15,231.60,-1,-1,-1,-1
521,6,1354.39,434.51,97.08,227.91,-1,-1,-1,-1
522,6,1351.92,435.54,99.57,225.10,-1,-1,-1,-1
523,6,1338.93,435.67,107.63,224.62,-1,-1,-1,-1
524,6,1337.35,434.60,104.91,225.54,-1,-1,-1,-1
525,6,1329.76,434.30,108.71,225.08,-1,-1,-1,-1
264,7,1822.16,417.44,97.48,219.44,-1,-1,-1,-1
265,7,1823.84,417.20,96.21,219.03,-1,-1,-1,-1
266,7,1825.76,420.18,93.28,214.98,-1,-1,-1,-1
267,7,1828.82,420.71,91.55,213.27,-1,-1,-1,-1
268,7,1829.74,420.73,90.73,211.70,-1,-1,-1,-1
269,7,1833.15,420.01,88.19,210.80,-1,-1,-1,-1
270,7,1835.14,419.66,88.77,212.34,-1,-1,-1,-1
271,7,1839.01,418.14,95.78,214.14,-1,-1,-1,-1
272,7,1837.71,418.40,86.65,214.23,-1,-1,-1,-1
273,7,1841.53,419.37,88.08,213.70,-1,-1,-1,-1
274,7,1843.40,421.28,87.00,211.95,-1,-1,-1,-1
275,7,1847.81,421.77,82.51,210.87,-1,-1,-1,-1
276,7,1848.52,421.29,82.34,210.78,-1,-1,-1,-1
277,7,1852.43,420.98,80.20,211.39,-1,-1,-1,-1
278,7,1853.91,420.62,79.66,211.20,-1,-1,-1,-1
279,7,1854.54,420.74,71.61,210.68,-1,-1,-1,-1
280,7,1856.15,422.18,69.56,208.11,-1,-1,-1,-1
281,7,1860.08,422.86,68.49,204.66,-1,-1,-1,-1
282,7,1868.36,423.74,64.83,198.49,-1,-1,-1,-1
283,7,1869.12,422.49,65.21,199.07,-1,-1,-1,-1
284,7,1871.25,421.62,63.70,200.93,-1,-1,-1,-1
285,7,1872.35,421.42,71.16,202.21,-1,-1,-1,-1
286,7,1875.52,420.85,67.90,203.32,-1,-1,-1,-1
287,7,1875.66,420.63,68.99,201.98,-1,-1,-1,-1
288,7,1877.57,420.28,67.67,199.10,-1,-1,-1,-1
289,7,1878.90,424.44,66.60,186.92,-1,-1,-1,-1
290,7,1881.44,426.25,63.93,184.23,-1,-1,-1,-1
291,7,1880.85,424.30,63.47,189.26,-1,-1,-1,-1
312,7,1886.48,432.29,57.29,186.91,-1,-1,-1,-1
313,7,1887.07,432.02,56.26,185.73,-1,-1,-1,-1
314,7,1887.70,430.70,55.09,186.94,-1,-1,-1,-1
315,7,1887.69,430.63,55.10,187.67,-1,-1,-1,-1
316,7,1887.10,429.96,55.44,188.08,-1,-1,-1,-1
317,7,1887.50,431.30,55.18,185.13,-1,-1,-1,-1
318,7,1887.64,432.84,54.73,184.56,-1,-1,-1,-1
319,7,1886.56,433.84,56.38,183.15,-1,-1,-1,-1
320,7,1885.74,434.02,57.88,181.56,-1,-1,-1,-1
321,7,1885.03,434.21,59.06,185.06,-1,-1,-1,-1
322,7,1885.04,434.11,58.89,183.38,-1,-1,-1,-1
323,7,1885.48,434.13,58.03,182.81,-1,-1,-1,-1
324,7,1886.13,433.94,56.88,183.03,-1,-1,-1,-1
264,8,820.14,348.45,188.41,485.09,-1,-1,-1,-1
265,8,832.33,350.44,186.79,483.01,-1,-1,-1,-1
266,8,841.92,351.09,181.67,480.44,-1,-1,-1,-1
267,8,860.45,351.10,176.27,475.20,-1,-1,-1,-1
268,8,880.66,349.67,162.18,469.52,-1,-1,-1,-1
269,8,898.26,348.35,150.76,467.21,-1,-1,-1,-1
270,8,905.94,348.78,147.01,464.25,-1,-1,-1,-1
271,8,913.75,347.89,143.85,467.49,-1,-1,-1,-1
272,8,919.76,349.53,162.10,465.18,-1,-1,-1,-1
273,8,927.15,350.89,168.71,462.00,-1,-1,-1,-1
274,8,940.77,353.36,180.42,458.06,-1,-1,-1,-1
275,8,951.17,355.08,177.23,455.50,-1,-1,-1,-1
276,8,959.23,357.85,177.54,450.62,-1,-1,-1,-1
277,8,965.18,359.46,185.10,446.49,-1,-1,-1,-1
278,8,970.77,359.41,183.76,446.09,-1,-1,-1,-1
279,8,985.68,358.47,174.13,445.42,-1,-1,-1,-1
280,8,990.58,358.56,172.76,441.87,-1,-1,-1,-1
281,8,1001.29,358.00,163.01,436.64,-1,-1,-1,-1
282,8,1021.31,356.26,144.44,435.67,-1,-1,-1,-1
283,8,1030.06,355.55,146.41,434.97,-1,-1,-1,-1
284,8,1040.43,356.02,154.04,432.98,-1,-1,-1,-1
285,8,1046.35,355.11,165.94,433.82,-1,-1,-1,-1
286,8,1050.49,356.58,173.45,432.02,-1,-1,-1,-1
287,8,1057.06,359.12,179.96,428.49,-1,-1,-1,-1
288,8,1063.96,359.77,176.55,427.22,-1,-1,-1,-1
289,8,1071.00,362.28,176.94,423.86,-1,-1,-1,-1
290,8,1076.81,365.04,172.06,420.13,-1,-1,-1,-1
291,8,1080.45,365.30,171.41,419.20,-1,-1,-1,-1
292,8,1090.02,367.50,164.79,416.36,-1,-1,-1,-1
293,8,1094.97,368.29,161.50,413.57,-1,-1,-1,-1
294,8,1103.08,368.80,152.27,407.82,-1,-1,-1,-1
295,8,1105.93,368.48,143.08,403.80,-1,-1,-1,-1
296,8,1109.86,367.88,135.48,402.65,-1,-1,-1,-1
297,8,1116.33,366.72,126.66,404.87,-1,-1,-1,-1
298,8,1120.45,366.39,122.28,405.06,-1,-1,-1,-1
299,8,1126.07,366.65,130.59,403.26,-1,-1,-1,-1
300,8,1127.83,366.92,140.13,401.93,-1,-1,-1,-1
301,8,1131.33,367.48,144.15,400.84,-1,-1,-1,-1
302,8,1138.64,369.02,144.94,399.10,-1,-1,-1,-1
303,8,1143.34,370.14,146.51,397.41,-1,-1,-1,-1
304,8,1147.99,372.41,142.66,394.06,-1,-1,-1,-1
305,8,1152.65,371.98,138.19,394.37,-1,-1,-1,-1
306,8,1157.64,374.65,133.74,390.49,-1,-1,-1,-1
307,8,1164.51,374.60,128.56,389.60,-1,-1,-1,-1
308,8,1166.70,373.55,127.85,388.43,-1,-1,-1,-1
309,8,1174.77,373.63,128.38,384.27,-1,-1,-1,-1
310,8,1180.31,374.34,131.92,382.62,-1,-1,-1,-1
311,8,1183.09,374.63,137.38,382.17,-1,-1,-1,-1
312,8,1184.91,373.51,148.58,382.68,-1,-1,-1,-1
313,8,1188.78,374.99,150.57,381.57,-1,-1,-1,-1
314,8,1190.75,375.56,160.06,379.88,-1,-1,-1,-1
315,8,1193.75,376.05,162.98,379.61,-1,-1,-1,-1
316,8,1198.45,376.44,163.31,379.61,-1,-1,-1,-1
317,8,1205.16,378.81,160.89,376.12,-1,-1,-1,-1
318,8,1213.54,380.97,153.76,373.89,-1,-1,-1,-1
319,8,1225.37,381.51,144.53,371.68,-1,-1,-1,-1
320,8,1229.38,383.27,140.00,369.80,-1,-1,-1,-1
321,8,1234.48,383.28,134.57,368.13,-1,-1,-1,-1
322,8,1240.23,382.29,129.23,366.85,-1,-1,-1,-1
323,8,1244.73,383.11,123.81,365.30,-1,-1,-1,-1
324,8,1253.84,378.96,116.19,365.87,-1,-1,-1,-1
325,8,1255.03,378.69,118.10,362.55,-1,-1,-1,-1
326,8,1260.58,380.42,115.74,358.72,-1,-1,-1,-1
327,8,1262.22,380.84,116.93,359.50,-1,-1,-1,-1
328,8,1262.43,381.41,120.78,358.64,-1,-1,-1,-1
329,8,1270.76,383.94,122.08,355.59,-1,-1,-1,-1
330,8,1275.60,384.85,122.76,353.92,-1,-1,-1,-1
331,8,1278.22,384.25,127.50,354.26,-1,-1,-1,-1
332,8,1284.82,385.92,127.99,352.04,-1,-1,-1,-1
333,8,1286.01,387.60,132.33,349.80,-1,-1,-1,-1
334,8,1292.53,388.95,127.30,348.14,-1,-1,-1,-1
335,8,1296.55,389.19,124.19,347.57,-1,-1,-1,-1
336,8,1299.31,389.54,122.55,346.31,-1,-1,-1,-1
337,8,1304.36,387.76,119.58,348.42,-1,-1,-1,-1
338,8,1309.38,387.75,119.20,347.41,-1,-1,-1,-1
339,8,1316.64,386.53,121.63,344.62,-1,-1,-1,-1
340,8,1319.32,386.00,126.93,343.99,-1,-1,-1,-1
341,8,1323.39,385.89,126.51,343.18,-1,-1,-1,-1
342,8,1329.88,385.78,126.42,342.40,-1,-1,-1,-1
343,8,1335.40,385.84,125.33,340.46,-1,-1,-1,-1
344,8,1338.48,386.81,123.73,340.07,-1,-1,-1,-1
345,8,1344.24,385.82,123.10,340.60,-1,-1,-1,-1
346,8,1347.90,385.83,122.80,341.00,-1,-1,-1,-1
347,8,1350.30,385.64,124.78,341.87,-1,-1,-1,-1
348,8,1355.22,385.78,121.87,341.40,-1,-1,-1,-1
349,8,1358.62,387.45,123.42,337.52,-1,-1,-1,-1
350,8,1369.23,395.40,114.80,328.01,-1,-1,-1,-1
351,8,1374.27,396.48,111.32,326.62,-1,-1,-1,-1
352,8,1379.67,397.63,109.20,323.23,-1,-1,-1,-1
353,8,1382.17,397.75,108.82,318.06,-1,-1,-1,-1
354,8,1384.97,397.67,110.81,315.88,-1,-1,-1,-1
355,8,1389.89,398.61,109.30,315.47,-1,-1,-1,-1
356,8,1394.95,400.17,106.69,314.20,-1,-1,-1,-1
357,8,1399.43,401.10,105.00,312.32,-1,-1,-1,-1
358,8,1401.97,402.53,105.02,310.16,-1,-1,-1,-1
359,8,1403.44,403.27,110.00,309.60,-1,-1,-1,-1
360,8,1412.06,406.61,118.85,304.02,-1,-1,-1,-1
361,8,1414.18,407.02,123.26,302.93,-1,-1,-1,-1
362,8,1420.71,408.18,118.71,300.77,-1,-1,-1,-1
363,8,1422.42,407.69,117.84,300.13,-1,-1,-1,-1
364,8,1425.62,406.88,112.69,301.75,-1,-1,-1,-1
365,8,1433.01,405.42,112.08,299.55,-1,-1,-1,-1
366,8,1438.11,404.14,109.62,299.90,-1,-1,-1,-1
367,8,1440.49,402.74,113.04,300.22,-1,-1,-1,-1
368,8,1443.22,402.42,115.44,300.64,-1,-1,-1,-1
369,8,1449.03,401.51,114.92,301.34,-1,-1,-1,-1
370,8,1454.59,403.82,115.28,298.16,-1,-1,-1,-1
371,8,1455.40,404.43,119.69,297.04,-1,-1,-1,-1
372,8,1460.82,408.43,120.05,293.49,-1,-1,-1,-1
373,8,1465.32,409.63,120.21,290.64,-1,-1,-1,-1
374,8,1467.58,409.37,120.14,289.82,-1,-1,-1,-1
375,8,1472.70,411.53,118.71,287.68,-1,-1,-1,-1
376,8,1473.84,411.39,122.59,288.45,-1,-1,-1,-1
377,8,1478.99,411.81,116.33,283.06,-1,-1,-1,-1
378,8,1481.88,411.21,114.62,280.28,-1,-1,-1,-1
379,8,1485.58,410.84,110.19,280.75,-1,-1,-1,-1
380,8,1489.09,409.57,101.19,281.57,-1,-1,-1,-1
381,8,1493.84,408.58,95.35,282.27,-1,-1,-1,-1
382,8,1497.19,408.98,93.67,280.58,-1,-1,-1,-1
383,8,1496.27,409.59,98.11,279.74,-1,-1,-1,-1
384,8,1496.98,409.85,101.19,278.69,-1,-1,-1,-1
385,8,1502.20,412.30,106.49,275.33,-1,-1,-1,-1
386,8,1504.96,411.98,104.31,275.50,-1,-1,-1,-1
387,8,1506.08,413.76,105.16,273.23,-1,-1,-1,-1
388,8,1509.90,415.74,102.21,271.50,-1,-1,-1,-1
389,8,1514.09,414.53,100.21,271.94,-1,-1,-1,-1
390,8,1517.66,415.09,100.41,268.74,-1,-1,-1,-1
391,8,1522.17,414.74,98.12,268.58,-1,-1,-1,-1
392,8,1527.62,415.19,99.81,267.56,-1,-1,-1,-1
393,8,1531.48,416.50,102.06,265.55,-1,-1,-1,-1
394,8,1538.19,415.63,100.71,265.20,-1,-1,-1,-1
395,8,1542.00,412.55,104.10,269.15,-1,-1,-1,-1
396,8,1544.42,414.08,102.55,267.04,-1,-1,-1,-1
397,8,1548.99,415.44,103.01,265.00,-1,-1,-1,-1
398,8,1551.98,416.60,104.75,263.19,-1,-1,-1,-1
399,8,1554.63,418.07,104.53,261.51,-1,-1,-1,-1
400,8,1558.86,416.95,104.57,262.32,-1,-1,-1,-1
401,8,1560.51,416.53,104.14,261.18,-1,-1,-1,-1
402,8,1563.94,417.25,103.38,254.73,-1,-1,-1,-1
403,8,1567.19,416.34,101.43,256.10,-1,-1,-1,-1
404,8,1569.25,413.86,99.50,260.47,-1,-1,-1,-1
405,8,1576.03,414.44,94.20,259.58,-1,-1,-1,-1
406,8,1579.21,414.11,95.09,259.64,-1,-1,-1,-1
407,8,1588.51,416.35,99.43,255.81,-1,-1,-1,-1
408,8,1590.69,417.28,106.53,255.04,-1,-1,-1,-1
409,8,1595.66,417.75,108.77,253.80,-1,-1,-1,-1
410,8,1601.04,419.10,106.10,252.28,-1,-1,-1,-1
411,8,1604.38,419.54,105.91,251.14,-1,-1,-1,-1
412,8,1613.26,418.85,101.55,250.49,-1,-1,-1,-1
413,8,1615.27,418.43,102.49,251.00,-1,-1,-1,-1
414,8,1621.32,417.52,97.55,250.43,-1,-1,-1,-1
415,8,1626.98,416.36,96.30,251.62,-1,-1,-1,-1
416,8,1633.94,414.83,94.76,252.83,-1,-1,-1,-1
417,8,1633.90,414.93,105.51,252.51,-1,-1,-1,-1
418,8,1629.29,416.32,115.88,251.04,-1,-1,-1,-1
419,8,1629.26,415.16,122.17,250.92,-1,-1,-1,-1
420,8,1644.48,419.03,117.57,246.19,-1,-1,-1,-1
421,8,1651.70,419.58,112.24,245.99,-1,-1,-1,-1
422,8,1656.36,420.44,108.71,245.97,-1,-1,-1,-1
423,8,1658.98,421.35,108.19,245.26,-1,-1,-1,-1
424,8,1661.22,422.06,108.48,243.74,-1,-1,-1,-1
425,8,1666.89,422.11,107.71,242.06,-1,-1,-1,-1
426,8,1665.84,420.84,105.99,240.85,-1,-1,-1,-1
427,8,1671.02,418.82,103.98,243.19,-1,-1,-1,-1
428,8,1672.79,418.57,105.15,242.61,-1,-1,-1,-1
429,8,1677.22,418.39,104.75,242.10,-1,-1,-1,-1
430,8,1685.64,419.05,98.89,240.87,-1,-1,-1,-1
431,8,1689.47,420.32,101.68,239.62,-1,-1,-1,-1
432,8,1692.93,421.03,103.21,239.20,-1,-1,-1,-1
433,8,1694.93,421.88,108.30,236.90,-1,-1,-1,-1
434,8,1698.29,422.76,107.00,235.72,-1,-1,-1,-1
435,8,1711.23,423.27,98.18,233.44,-1,-1,-1,-1
436,8,1716.65,422.02,94.64,235.58,-1,-1,-1,-1
437,8,1720.16,421.76,91.62,235.19,-1,-1,-1,-1
438,8,1725.69,421.51,85.88,233.64,-1,-1,-1,-1
439,8,1731.00,421.13,80.72,233.64,-1,-1,-1,-1
440,8,1735.63,420.42,83.74,234.49,-1,-1,-1,-1
441,8,1738.99,420.68,85.78,233.67,-1,-1,-1,-1
442,8,1739.83,421.98,89.70,232.23,-1,-1,-1,-1
443,8,1743.09,423.05,93.06,230.76,-1,-1,-1,-1
444,8,1745.74,423.70,92.83,230.21,-1,-1,-1,-1
445,8,1750.09,424.30,93.41,229.48,-1,-1,-1,-1
446,8,1756.76,424.33,90.94,228.94,-1,-1,-1,-1
447,8,1760.73,424.32,87.17,230.16,-1,-1,-1,-1
456,8,1865.68,419.60,91.80,255.21,-1,-1,-1,-1
457,8,1864.23,420.36,95.35,254.19,-1,-1,-1,-1
458,8,1867.94,422.25,85.83,230.92,-1,-1,-1,-1
459,8,1870.03,422.41,78.66,226.00,-1,-1,-1,-1
460,8,1871.38,422.00,77.05,227.05,-1,-1,-1,-1
461,8,1872.57,422.91,77.79,226.07,-1,-1,-1,-1
462,8,1875.12,422.90,77.27,226.75,-1,-1,-1,-1
463,8,1877.65,425.97,72.95,221.79,-1,-1,-1,-1
464,8,1881.15,429.62,67.90,217.99,-1,-1,-1,-1
465,8,1883.09,434.04,65.75,211.48,-1,-1,-1,-1
471,8,1771.00,415.67,82.71,222.86,-1,-1,-1,-1
472,8,1775.86,415.37,78.31,220.13,-1,-1,-1,-1
473,8,1779.37,415.35,76.74,222.08,-1,-1,-1,-1
474,8,1781.67,415.43,76.03,220.80,-1,-1,-1,-1
475,8,1784.07,415.98,76.10,219.33,-1,-1,-1,-1
476,8,1786.35,414.14,74.51,221.06,-1,-1,-1,-1
477,8,1788.82,413.37,73.04,221.15,-1,-1,-1,-1
478,8,1790.76,414.30,75.67,220.27,-1,-1,-1,-1
479,8,1792.12,414.95,75.21,219.43,-1,-1,-1,-1
480,8,1794.37,415.94,77.86,218.46,-1,-1,-1,-1
481,8,1795.13,417.43,77.12,217.34,-1,-1,-1,-1
482,8,1796.05,418.03,77.39,215.75,-1,-1,-1,-1
483,8,1797.95,418.88,76.59,214.47,-1,-1,-1,-1
484,8,1798.27,419.37,77.52,213.88,-1,-1,-1,-1
485,8,1799.74,420.75,75.18,212.35,-1,-1,-1,-1
486,8,1801.94,421.04,73.77,212.45,-1,-1,-1,-1
487,8,1803.39,420.04,76.42,213.14,-1,-1,-1,-1
488,8,1805.24,419.77,73.73,211.40,-1,-1,-1,-1
489,8,1806.27,419.87,75.99,210.72,-1,-1,-1,-1
490,8,1807.68,419.06,74.15,210.26,-1,-1,-1,-1
491,8,1809.41,418.94,73.88,210.34,-1,-1,-1,-1
492,8,1810.17,419.45,77.07,210.32,-1,-1,-1,-1
493,8,1813.43,420.04,77.96,209.21,-1,-1,-1,-1
494,8,1814.60,421.54,75.99,207.46,-1,-1,-1,-1
495,8,1816.10,422.41,74.31,206.73,-1,-1,-1,-1
496,8,1817.14,423.09,75.62,205.98,-1,-1,-1,-1
497,8,1818.50,423.53,74.12,205.89,-1,-1,-1,-1
498,8,1819.27,423.90,72.04,204.23,-1,-1,-1,-1
499,8,1820.47,423.91,71.68,204.31,-1,-1,-1,-1
500,8,1823.84,423.50,69.41,204.21,-1,-1,-1,-1
501,8,1826.26,422.91,67.51,205.21,-1,-1,-1,-1
502,8,1827.27,422.92,66.73,203.71,-1,-1,-1,-1
503,8,1828.71,422.36,66.68,203.35,-1,-1,-1,-1
504,8,1829.53,422.56,67.04,202.51,-1,-1,-1,-1
505,8,1828.86,421.86,70.30,202.79,-1,-1,-1,-1
506,8,1829.03,422.16,72.45,202.92,-1,-1,-1,-1
507,8,1830.50,422.77,71.59,202.69,-1,-1,-1,-1
508,8,1829.55,423.89,73.92,201.98,-1,-1,-1,-1
509,8,1830.05,424.82,73.19,200.67,-1,-1,-1,-1
510,8,1830.05,425.34,74.62,200.53,-1,-1,-1,-1
511,8,1831.70,425.78,71.87,200.20,-1,-1,-1,-1
512,8,1833.49,426.05,70.63,199.31,-1,-1,-1,-1
513,8,1832.02,427.54,71.97,198.41,-1,-1,-1,-1
514,8,1832.77,427.28,70.23,198.79,-1,-1,-1,-1
515,8,1835.56,426.54,70.80,199.69,-1,-1,-1,-1
516,8,1834.29,426.35,76.10,199.75,-1,-1,-1,-1
517,8,1838.52,426.49,72.05,199.20,-1,-1,-1,-1
518,8,1840.25,425.17,67.61,200.38,-1,-1,-1,-1
519,8,1841.17,424.50,68.93,200.16,-1,-1,-1,-1
283,9,1154.58,343.48,127.92,425.46,-1,-1,-1,-1
284,9,1159.21,343.76,129.32,423.56,-1,-1,-1,-1
285,9,1166.24,343.17,127.29,423.10,-1,-1,-1,-1
286,9,1169.26,342.83,129.11,416.55,-1,-1,-1,-1
287,9,1177.72,342.18,125.92,411.49,-1,-1,-1,-1
288,9,1181.91,341.76,118.39,410.12,-1,-1,-1,-1
289,9,1190.51,343.45,116.87,409.59,-1,-1,-1,-1
290,9,1196.94,344.48,118.03,408.39,-1,-1,-1,-1
291,9,1199.37,346.00,120.37,405.50,-1,-1,-1,-1
292,9,1204.29,347.37,127.59,403.48,-1,-1,-1,-1
293,9,1208.21,349.33,132.68,400.99,-1,-1,-1,-1
294,9,1212.94,349.68,136.68,400.26,-1,-1,-1,-1
295,9,1214.56,352.02,137.83,397.54,-1,-1,-1,-1
296,9,1215.72,352.45,142.88,395.92,-1,-1,-1,-1
297,9,1219.52,354.37,149.78,392.57,-1,-1,-1,-1
298,9,1226.60,354.08,146.05,393.25,-1,-1,-1,-1
299,9,1234.05,352.00,143.70,395.25,-1,-1,-1,-1
300,9,1238.82,350.29,148.89,393.28,-1,-1,-1,-1
301,9,1246.91,349.68,138.98,397.12,-1,-1,-1,-1
302,9,1259.50,348.95,129.24,389.97,-1,-1,-1,-1
303,9,1264.56,349.69,126.06,386.47,-1,-1,-1,-1
304,9,1269.55,349.10,124.08,387.78,-1,-1,-1,-1
305,9,1275.63,348.69,119.08,387.59,-1,-1,-1,-1
306,9,1278.35,349.60,118.64,384.91,-1,-1,-1,-1
307,9,1283.30,351.47,116.74,383.91,-1,-1,-1,-1
308,9,1285.70,352.86,115.94,382.54,-1,-1,-1,-1
309,9,1293.39,356.41,110.33,378.46,-1,-1,-1,-1
310,9,1295.65,357.17,111.12,376.74,-1,-1,-1,-1
311,9,1298.16,358.46,111.06,375.50,-1,-1,-1,-1
312,9,1301.57,359.83,113.76,373.64,-1,-1,-1,-1
313,9,1303.62,360.66,114.32,372.13,-1,-1,-1,-1
314,9,1305.51,362.65,116.17,369.26,-1,-1,-1,-1
315,9,1307.00,362.90,117.00,369.69,-1,-1,-1,-1
316,9,1307.68,362.20,117.41,370.55,-1,-1,-1,-1
317,9,1310.10,361.53,116.25,369.06,-1,-1,-1,-1
318,9,1311.86,361.84,114.78,364.64,-1,-1,-1,-1
319,9,1316.80,362.88,111.40,362.93,-1,-1,-1,-1
320,9,1321.42,363.20,110.80,361.01,-1,-1,-1,-1
321,9,1322.62,363.05,112.36,360.64,-1,-1,-1,-1
322,9,1328.13,365.01,110.48,357.27,-1,-1,-1,-1
323,9,1331.80,366.01,110.46,356.86,-1,-1,-1,-1
324,9,1334.26,367.78,112.54,353.30,-1,-1,-1,-1
325,9,1334.23,368.55,118.05,352.19,-1,-1,-1,-1
326,9,1333.05,371.25,118.61,348.39,-1,-1,-1,-1
327,9,1336.17,374.51,116.52,343.51,-1,-1,-1,-1
328,9,1338.91,375.00,114.51,342.43,-1,-1,-1,-1
329,9,1345.53,376.83,108.81,339.42,-1,-1,-1,-1
330,9,1351.37,377.01,105.08,336.84,-1,-1,-1,-1
331,9,1353.78,376.99,104.95,333.63,-1,-1,-1,-1
332,9,1354.08,376.84,106.15,334.77,-1,-1,-1,-1
333,9,1354.11,375.29,107.03,336.93,-1,-1,-1,-1
334,9,1358.80,374.86,105.21,338.42,-1,-1,-1,-1
335,9,1360.77,374.93,103.78,339.88,-1,-1,-1,-1
336,9,1366.06,374.20,98.75,340.84,-1,-1,-1,-1
337,9,1366.43,376.08,98.38,336.18,-1,-1,-1,-1
338,9,1365.54,377.42,99.85,334.89,-1,-1,-1,-1
339,9,1368.22,378.59,98.61,335.34,-1,-1,-1,-1
360,9,1388.45,394.51,100.65,307.73,-1,-1,-1,-1
362,9,1391.25,395.58,105.59,310.93,-1,-1,-1,-1
369,9,1425.57,392.58,94.20,299.61,-1,-1,-1,-1
370,9,1426.91,394.79,95.96,298.30,-1,-1,-1,-1
371,9,1430.46,395.99,96.77,295.43,-1,-1,-1,-1
372,9,1429.28,397.25,103.57,294.61,-1,-1,-1,-1
373,9,1435.87,397.22,99.85,292.44,-1,-1,-1,-1
374,9,1439.89,397.72,99.36,291.44,-1,-1,-1,-1
375,9,1442.53,397.27,97.47,292.53,-1,-1,-1,-1
376,9,1445.62,394.41,96.59,293.56,-1,-1,-1,-1
377,9,1452.33,393.20,91.89,287.73,-1,-1,-1,-1
378,9,1454.08,393.09,90.68,283.86,-1,-1,-1,-1
379,9,1452.72,393.50,93.13,286.83,-1,-1,-1,-1
380,9,1457.02,394.29,93.89,287.96,-1,-1,-1,-1
381,9,1458.43,396.65,89.28,283.73,-1,-1,-1,-1
382,9,1467.24,398.38,84.08,282.87,-1,-1,-1,-1
383,9,1469.13,398.74,86.43,283.61,-1,-1,-1,-1
384,9,1472.65,398.88,86.07,282.88,-1,-1,-1,-1
337,10,1568.42,410.65,91.41,270.59,-1,-1,-1,-1
338,10,1571.33,410.82,91.91,272.08,-1,-1,-1,-1
339,10,1575.87,410.26,95.07,274.04,-1,-1,-1,-1
340,10,1578.35,409.99,97.39,289.18,-1,-1,-1,-1
341,10,1583.14,411.19,98.13,289.91,-1,-1,-1,-1
342,10,1588.14,415.20,95.85,285.91,-1,-1,-1,-1
343,10,1590.88,418.79,89.53,279.60,-1,-1,-1,-1
344,10,1592.73,420.27,90.71,277.63,-1,-1,-1,-1
345,10,1593.25,422.79,93.40,265.23,-1,-1,-1,-1
347,10,1601.25,420.55,92.28,257.02,-1,-1,-1,-1
348,10,1604.82,419.45,95.56,258.99,-1,-1,-1,-1
349,10,1605.23,418.86,94.57,253.09,-1,-1,-1,-1
350,10,1610.59,417.57,94.51,252.97,-1,-1,-1,-1
351,10,1613.18,417.22,96.72,254.34,-1,-1,-1,-1
352,10,1617.43,417.28,99.45,253.79,-1,-1,-1,-1
353,10,1616.10,417.39,104.21,253.88,-1,-1,-1,-1
354,10,1620.32,416.96,104.14,253.74,-1,-1,-1,-1
355,10,1623.68,423.57,105.72,246.48,-1,-1,-1,-1
356,10,1625.08,423.86,106.23,246.08,-1,-1,-1,-1
357,10,1628.08,429.13,110.12,240.48,-1,-1,-1,-1
358,10,1628.86,428.72,112.47,240.71,-1,-1,-1,-1
359,10,1633.96,426.96,110.73,241.74,-1,-1,-1,-1
360,10,1639.12,428.20,108.52,241.16,-1,-1,-1,-1
361,10,1643.92,424.88,106.08,244.79,-1,-1,-1,-1
362,10,1650.30,422.39,102.84,244.41,-1,-1,-1,-1
363,10,1655.22,423.46,100.49,242.42,-1,-1,-1,-1
364,10,1657.77,421.42,102.30,243.29,-1,-1,-1,-1
365,10,1663.60,420.51,102.30,244.66,-1,-1,-1,-1
366,10,1668.06,421.21,98.95,243.96,-1,-1,-1,-1
367,10,1669.90,419.27,103.47,246.02,-1,-1,-1,-1
368,10,1670.14,419.69,106.58,244.09,-1,-1,-1,-1
369,10,1673.32,422.12,106.36,242.34,-1,-1,-1,-1
370,10,1676.18,424.23,108.53,240.59,-1,-1,-1,-1
371,10,1676.59,425.19,112.47,239.35,-1,-1,-1,-1
372,10,1675.56,426.27,115.61,237.37,-1,-1,-1,-1
373,10,1674.60,425.48,117.62,239.95,-1,-1,-1,-1
374,10,1674.97,424.64,122.35,242.16,-1,-1,-1,-1
375,10,1678.79,423.75,117.42,240.93,-1,-1,-1,-1
376,10,1684.57,422.95,110.57,242.62,-1,-1,-1,-1
377,10,1684.58,421.89,110.74,244.28,-1,-1,-1,-1
378,10,1687.46,420.09,111.73,243.32,-1,-1,-1,-1
379,10,1692.23,421.30,103.88,242.04,-1,-1,-1,-1
380,10,1698.09,421.26,103.42,239.99,-1,-1,-1,-1
381,10,1703.81,417.74,98.68,239.58,-1,-1,-1,-1
382,10,1714.90,423.11,93.50,231.32,-1,-1,-1,-1
383,10,1713.38,422.51,95.66,231.12,-1,-1,-1,-1
384,10,1718.41,421.96,94.80,229.19,-1,-1,-1,-1
385,10,1721.41,426.37,98.21,227.58,-1,-1,-1,-1
386,10,1723.31,428.63,98.14,226.77,-1,-1,-1,-1
387,10,1720.94,425.94,97.37,233.50,-1,-1,-1,-1
391,10,1731.26,417.55,95.77,238.48,-1,-1,-1,-1
392,10,1735.00,419.79,90.97,234.21,-1,-1,-1,-1
393,10,1742.75,420.45,79.27,231.52,-1,-1,-1,-1
394,10,1743.54,417.74,81.91,234.25,-1,-1,-1,-1
395,10,1753.15,417.00,81.13,235.26,-1,-1,-1,-1
396,10,1752.28,414.23,80.18,237.38,-1,-1,-1,-1
397,10,1748.04,412.47,86.20,241.40,-1,-1,-1,-1
398,10,1738.75,403.44,106.08,258.25,-1,-1,-1,-1
402,10,1745.35,397.34,112.90,257.89,-1,-1,-1,-1
403,10,1745.30,397.66,107.46,257.64,-1,-1,-1,-1
404,10,1746.06,398.57,104.75,257.46,-1,-1,-1,-1
405,10,1751.59,399.48,104.08,256.11,-1,-1,-1,-1
406,10,1758.88,399.55,104.40,256.37,-1,-1,-1,-1
407,10,1763.64,398.91,96.03,256.86,-1,-1,-1,-1
408,10,1767.02,398.09,96.20,258.31,-1,-1,-1,-1
409,10,1768.71,397.88,97.08,259.29,-1,-1,-1,-1
410,10,1770.65,396.96,101.57,260.98,-1,-1,-1,-1
411,10,1777.03,396.43,99.34,260.58,-1,-1,-1,-1
412,10,1782.40,396.73,106.03,259.51,-1,-1,-1,-1
413,10,1779.96,397.96,115.73,259.79,-1,-1,-1,-1
414,10,1783.11,398.74,120.18,258.40,-1,-1,-1,-1
415,10,1788.84,399.50,113.94,255.97,-1,-1,-1,-1
416,10,1787.24,401.32,117.91,252.09,-1,-1,-1,-1
417,10,1795.83,400.69,111.30,253.83,-1,-1,-1,-1
418,10,1798.26,401.02,105.53,252.19,-1,-1,-1,-1
419,10,1801.57,401.06,101.05,250.84,-1,-1,-1,-1
420,10,1805.78,401.22,97.12,251.61,-1,-1,-1,-1
421,10,1806.88,399.83,94.97,252.43,-1,-1,-1,-1
422,10,1809.46,399.26,97.13,252.45,-1,-1,-1,-1
423,10,1812.12,397.68,94.10,254.73,-1,-1,-1,-1
424,10,1818.71,397.40,88.82,255.65,-1,-1,-1,-1
425,10,1816.90,398.66,94.06,253.94,-1,-1,-1,-1
426,10,1821.42,399.88,91.92,252.27,-1,-1,-1,-1
433,10,1839.28,403.21,127.38,242.03,-1,-1,-1,-1
435,10,1845.31,400.97,114.81,265.78,-1,-1,-1,-1
440,10,1857.14,382.79,103.01,298.41,-1,-1,-1,-1
441,10,1844.15,383.15,115.15,298.84,-1,-1,-1,-1
442,10,1847.30,383.73,109.30,297.95,-1,-1,-1,-1
443,10,1838.28,385.14,119.58,295.68,-1,-1,-1,-1
444,10,1837.52,385.97,115.68,294.25,-1,-1,-1,-1
445,10,1824.45,385.03,111.63,293.31,-1,-1,-1,-1
446,10,1823.98,386.50,101.46,290.87,-1,-1,-1,-1
447,10,1810.05,385.87,115.72,292.66,-1,-1,-1,-1
448,10,1784.51,389.14,137.31,290.89,-1,-1,-1,-1
449,10,1772.86,390.52,149.21,288.44,-1,-1,-1,-1
450,10,1765.07,395.58,154.48,282.46,-1,-1,-1,-1
451,10,1759.62,396.07,155.40,281.95,-1,-1,-1,-1
452,10,1758.60,395.52,144.19,282.99,-1,-1,-1,-1
453,10,1755.44,394.53,136.45,284.33,-1,-1,-1,-1
454,10,1753.17,395.90,120.74,282.76,-1,-1,-1,-1
455,10,1731.67,396.02,131.17,280.99,-1,-1,-1,-1
456,10,1731.45,395.39,122.01,281.32,-1,-1,-1,-1
457,10,1731.38,395.44,109.30,279.61,-1,-1,-1,-1
458,10,1721.69,396.05,103.49,280.92,-1,-1,-1,-1
459,10,1711.81,396.14,107.06,281.13,-1,-1,-1,-1
460,10,1692.64,397.20,121.17,279.08,-1,-1,-1,-1
461,10,1674.97,396.00,135.84,280.93,-1,-1,-1,-1
462,10,1664.37,396.93,143.63,280.19,-1,-1,-1,-1
463,10,1652.53,402.57,155.14,274.27,-1,-1,-1,-1
464,10,1649.91,402.98,152.97,273.01,-1,-1,-1,-1
465,10,1644.27,405.85,157.95,269.40,-1,-1,-1,-1
466,10,1638.28,405.62,159.53,270.45,-1,-1,-1,-1
467,10,1638.11,406.34,146.36,269.39,-1,-1,-1,-1
468,10,1636.12,406.13,123.46,269.29,-1,-1,-1,-1
469,10,1627.52,406.41,116.05,268.90,-1,-1,-1,-1
470,10,1623.71,406.18,108.49,268.70,-1,-1,-1,-1
471,10,1617.89,406.41,97.84,268.53,-1,-1,-1,-1
472,10,1611.73,406.79,89.38,268.46,-1,-1,-1,-1
473,10,1604.54,409.19,88.53,264.03,-1,-1,-1,-1
474,10,1591.65,410.31,101.67,264.06,-1,-1,-1,-1
475,10,1570.75,413.83,119.91,260.84,-1,-1,-1,-1
476,10,1563.77,415.06,125.20,260.07,-1,-1,-1,-1
477,10,1560.35,415.52,127.28,259.16,-1,-1,-1,-1
478,10,1557.61,417.23,123.90,256.37,-1,-1,-1,-1
479,10,1554.41,416.07,123.62,258.14,-1,-1,-1,-1
480,10,1549.78,416.53,104.83,255.20,-1,-1,-1,-1
481,10,1543.77,416.72,101.35,255.02,-1,-1,-1,-1
482,10,1539.30,416.82,95.95,253.60,-1,-1,-1,-1
483,10,1537.32,415.17,81.96,254.18,-1,-1,-1,-1
484,10,1527.79,415.12,84.57,256.18,-1,-1,-1,-1
485,10,1515.35,416.35,90.64,255.46,-1,-1,-1,-1
486,10,1506.91,416.54,96.12,254.35,-1,-1,-1,-1
487,10,1498.54,417.26,100.40,253.47,-1,-1,-1,-1
488,10,1484.35,418.38,112.38,251.10,-1,-1,-1,-1
489,10,1482.50,416.68,107.71,254.19,-1,-1,-1,-1
496,10,1431.84,422.90,89.73,248.25,-1,-1,-1,-1
497,10,1431.88,425.54,84.46,245.22,-1,-1,-1,-1
498,10,1426.26,426.48,84.08,244.10,-1,-1,-1,-1
499,10,1415.51,426.37,87.23,244.28,-1,-1,-1,-1
500,10,1406.49,430.12,92.02,239.59,-1,-1,-1,-1
501,10,1393.26,431.14,105.89,239.33,-1,-1,-1,-1
502,10,1387.11,432.30,109.95,238.30,-1,-1,-1,-1
503,10,1385.25,434.33,106.34,234.83,-1,-1,-1,-1
504,10,1381.54,434.55,105.62,234.64,-1,-1,-1,-1
505,10,1379.21,433.61,100.04,234.80,-1,-1,-1,-1
506,10,1377.31,433.92,90.02,233.77,-1,-1,-1,-1
507,10,1377.57,433.41,79.62,233.67,-1,-1,-1,-1
508,10,1369.96,433.06,75.78,234.52,-1,-1,-1,-1
509,10,1359.79,432.80,82.36,232.82,-1,-1,-1,-1
510,10,1356.33,432.26,80.93,232.39,-1,-1,-1,-1
511,10,1355.20,432.58,77.48,232.47,-1,-1,-1,-1
512,10,1347.68,433.33,85.33,231.79,-1,-1,-1,-1
513,10,1333.22,435.93,92.81,228.94,-1,-1,-1,-1
514,10,1323.89,438.65,96.45,224.86,-1,-1,-1,-1
515,10,1316.94,438.16,98.01,225.35,-1,-1,-1,-1
516,10,1309.84,438.90,107.25,224.97,-1,-1,-1,-1
517,10,1306.77,435.83,107.61,228.33,-1,-1,-1,-1
518,10,1308.10,437.91,100.44,224.03,-1,-1,-1,-1
519,10,1303.53,435.65,90.38,225.32,-1,-1,-1,-1
520,10,1302.86,427.58,85.34,232.49,-1,-1,-1,-1
521,10,1298.84,435.99,78.54,223.12,-1,-1,-1,-1
522,10,1297.35,436.04,79.81,222.55,-1,-1,-1,-1
523,10,1291.28,431.75,76.95,226.48,-1,-1,-1,-1
524,10,1287.18,425.67,71.49,231.25,-1,-1,-1,-1
525,10,1284.78,431.88,71.39,225.22,-1,-1,-1,-1
361,11,1554.87,386.69,114.68,297.88,-1,-1,-1,-1
362,11,1557.16,389.77,118.77,293.44,-1,-1,-1,-1
363,11,1559.24,390.61,124.06,291.95,-1,-1,-1,-1
364,11,1566.24,389.75,118.62,291.52,-1,-1,-1,-1
365,11,1575.60,388.72,109.91,291.54,-1,-1,-1,-1
366,11,1575.56,388.79,110.86,290.21,-1,-1,-1,-1
383,11,1657.05,389.21,106.78,283.18,-1,-1,-1,-1
384,11,1664.47,389.08,107.41,282.37,-1,-1,-1,-1
386,11,1668.08,392.04,118.27,279.47,-1,-1,-1,-1
388,11,1676.64,395.65,127.19,273.58,-1,-1,-1,-1
389,11,1682.22,396.48,126.36,270.98,-1,-1,-1,-1
390,11,1681.30,395.10,115.84,277.40,-1,-1,-1,-1
415,11,1606.12,408.96,79.98,254.07,-1,-1,-1,-1
416,11,1608.93,407.25,79.75,256.67,-1,-1,-1,-1
435,11,1676.45,405.52,88.36,249.66,-1,-1,-1,-1
436,11,1678.26,405.40,87.61,250.60,-1,-1,-1,-1
437,11,1681.05,406.09,88.37,249.19,-1,-1,-1,-1
438,11,1685.47,406.25,79.90,246.42,-1,-1,-1,-1
439,11,1687.80,411.97,77.23,239.78,-1,-1,-1,-1
440,11,1689.05,411.36,82.82,240.87,-1,-1,-1,-1
441,11,1693.00,414.55,79.11,237.54,-1,-1,-1,-1
442,11,1698.64,418.50,80.61,233.20,-1,-1,-1,-1
443,11,1703.62,415.43,84.03,235.29,-1,-1,-1,-1
444,11,1705.39,417.98,79.67,232.54,-1,-1,-1,-1
445,11,1711.53,408.13,78.16,242.14,-1,-1,-1,-1
446,11,1712.81,408.08,86.43,242.23,-1,-1,-1,-1
447,11,1715.71,408.48,86.03,241.95,-1,-1,-1,-1
448,11,1720.75,407.52,82.74,240.56,-1,-1,-1,-1
449,11,1721.49,406.08,85.21,241.19,-1,-1,-1,-1
450,11,1722.53,406.49,89.06,238.59,-1,-1,-1,-1
451,11,1725.75,407.83,87.89,239.06,-1,-1,-1,-1
452,11,1726.84,408.46,93.78,239.77,-1,-1,-1,-1
461,11,1807.52,423.53,84.38,221.19,-1,-1,-1,-1
462,11,1803.23,424.61,89.53,223.10,-1,-1,-1,-1
463,11,1808.47,423.94,89.38,220.74,-1,-1,-1,-1
464,11,1810.79,423.21,86.07,220.22,-1,-1,-1,-1
465,11,1818.76,423.52,80.37,219.64,-1,-1,-1,-1
466,11,1820.74,424.15,82.11,218.78,-1,-1,-1,-1
467,11,1820.87,423.80,84.72,219.80,-1,-1,-1,-1
468,11,1823.71,425.44,85.84,217.57,-1,-1,-1,-1
469,11,1825.38,426.77,87.64,215.21,-1,-1,-1,-1
470,11,1826.90,428.25,87.26,212.30,-1,-1,-1,-1
471,11,1830.92,429.20,81.59,211.35,-1,-1,-1,-1
472,11,1831.84,429.95,81.72,209.54,-1,-1,-1,-1
473,11,1835.19,432.12,78.36,207.53,-1,-1,-1,-1
474,11,1837.12,432.28,78.54,205.25,-1,-1,-1,-1
475,11,1838.40,431.49,78.77,204.51,-1,-1,-1,-1
476,11,1838.64,430.31,80.17,205.65,-1,-1,-1,-1
477,11,1839.68,429.84,79.59,206.80,-1,-1,-1,-1
478,11,1839.93,429.35,82.28,207.28,-1,-1,-1,-1
479,11,1838.44,427.81,90.52,209.41,-1,-1,-1,-1
480,11,1842.21,428.47,87.59,208.03,-1,-1,-1,-1
481,11,1843.86,429.72,87.00,207.47,-1,-1,-1,-1
482,11,1843.39,430.41,87.26,206.31,-1,-1,-1,-1
483,11,1845.04,432.39,85.57,203.93,-1,-1,-1,-1
484,11,1847.56,433.45,83.87,202.77,-1,-1,-1,-1
485,11,1849.87,433.61,81.43,201.90,-1,-1,-1,-1
486,11,1851.94,433.14,79.75,201.78,-1,-1,-1,-1
487,11,1855.75,432.99,76.78,200.96,-1,-1,-1,-1
488,11,1858.80,431.53,73.34,201.10,-1,-1,-1,-1
489,11,1859.96,431.00,72.24,202.22,-1,-1,-1,-1
490,11,1861.67,430.32,71.38,202.86,-1,-1,-1,-1
491,11,1863.98,430.38,70.08,202.93,-1,-1,-1,-1
492,11,1862.34,431.07,72.68,201.73,-1,-1,-1,-1
493,11,1865.29,431.43,73.16,201.11,-1,-1,-1,-1
494,11,1867.81,432.02,70.15,200.51,-1,-1,-1,-1
495,11,1869.46,433.12,70.54,198.15,-1,-1,-1,-1
496,11,1870.19,434.17,70.27,196.95,-1,-1,-1,-1
497,11,1870.69,433.91,71.95,197.80,-1,-1,-1,-1
498,11,1872.06,434.04,70.06,197.29,-1,-1,-1,-1
499,11,1872.48,433.76,69.54,197.45,-1,-1,-1,-1
500,11,1872.85,434.22,70.04,193.79,-1,-1,-1,-1
501,11,1873.01,433.32,69.46,195.23,-1,-1,-1,-1
502,11,1874.99,432.69,67.06,196.44,-1,-1,-1,-1
503,11,1876.68,432.16,65.95,196.89,-1,-1,-1,-1
504,11,1877.62,431.89,64.84,196.78,-1,-1,-1,-1
505,11,1879.62,432.43,63.59,195.99,-1,-1,-1,-1
506,11,1881.00,433.68,65.33,204.75,-1,-1,-1,-1
507,11,1880.51,435.41,65.41,203.90,-1,-1,-1,-1
508,11,1879.48,434.52,70.78,231.34,-1,-1,-1,-1
509,11,1881.42,437.65,67.91,210.51,-1,-1,-1,-1
511,11,1882.26,391.33,69.46,285.88,-1,-1,-1,-1
512,11,1880.62,384.19,72.57,298.03,-1,-1,-1,-1
513,11,1872.02,379.69,82.77,301.56,-1,-1,-1,-1
514,11,1871.33,370.95,83.21,312.07,-1,-1,-1,-1
515,11,1864.17,374.76,93.06,309.56,-1,-1,-1,-1
516,11,1860.32,373.74,97.18,310.43,-1,-1,-1,-1
517,11,1859.59,373.43,98.06,311.21,-1,-1,-1,-1
518,11,1857.03,377.80,101.85,307.28,-1,-1,-1,-1
519,11,1854.72,376.98,107.88,308.50,-1,-1,-1,-1
520,11,1850.80,378.57,111.29,308.25,-1,-1,-1,-1
521,11,1838.74,378.95,134.20,307.66,-1,-1,-1,-1
522,11,1834.67,381.17,139.32,306.66,-1,-1,-1,-1
523,11,1829.51,381.06,144.56,307.88,-1,-1,-1,-1
524,11,1832.80,379.57,136.20,309.46,-1,-1,-1,-1
525,11,1834.40,376.66,131.86,312.66,-1,-1,-1,-1
362,12,-118.63,403.57,290.91,587.18,-1,-1,-1,-1
363,12,-167.72,237.60,360.32,776.08,-1,-1,-1,-1
364,12,-141.09,232.81,314.38,779.72,-1,-1,-1,-1
365,12,-133.94,232.89,321.63,777.01,-1,-1,-1,-1
366,12,-105.31,231.73,316.71,772.78,-1,-1,-1,-1
367,12,-44.37,229.00,265.41,770.10,-1,-1,-1,-1
368,12,-7.07,229.82,262.77,762.93,-1,-1,-1,-1
369,12,12.11,232.55,265.58,758.95,-1,-1,-1,-1
370,12,32.22,238.33,286.23,749.99,-1,-1,-1,-1
371,12,38.45,244.30,328.56,737.95,-1,-1,-1,-1
372,12,48.22,254.01,367.98,722.28,-1,-1,-1,-1
373,12,58.62,259.59,372.77,714.44,-1,-1,-1,-1
374,12,65.07,263.82,376.02,706.18,-1,-1,-1,-1
375,12,79.60,269.18,377.96,695.36,-1,-1,-1,-1
376,12,102.67,270.70,357.79,690.58,-1,-1,-1,-1
377,12,151.81,272.80,316.35,675.39,-1,-1,-1,-1
378,12,186.36,272.00,289.34,662.77,-1,-1,-1,-1
379,12,218.72,272.72,266.43,653.34,-1,-1,-1,-1
380,12,277.88,272.34,222.13,648.88,-1,-1,-1,-1
381,12,316.92,274.71,204.58,644.02,-1,-1,-1,-1
382,12,341.95,275.10,196.69,641.11,-1,-1,-1,-1
383,12,356.49,277.82,198.88,636.67,-1,-1,-1,-1
384,12,365.05,281.80,220.34,632.92,-1,-1,-1,-1
385,12,369.78,287.87,249.42,622.23,-1,-1,-1,-1
386,12,374.80,294.45,256.83,612.69,-1,-1,-1,-1
387,12,384.53,300.20,266.89,603.39,-1,-1,-1,-1
388,12,392.03,302.27,268.76,599.41,-1,-1,-1,-1
389,12,404.43,303.98,267.84,595.04,-1,-1,-1,-1
390,12,436.58,304.62,243.27,584.06,-1,-1,-1,-1
391,12,466.67,303.78,215.29,577.47,-1,-1,-1,-1
392,12,501.89,301.99,194.24,568.67,-1,-1,-1,-1
393,12,523.41,300.67,176.39,564.10,-1,-1,-1,-1
394,12,542.20,301.48,171.63,559.97,-1,-1,-1,-1
395,12,559.23,302.41,169.65,558.91,-1,-1,-1,-1
396,12,571.35,303.50,179.66,557.12,-1,-1,-1,-1
397,12,583.58,307.22,206.34,549.69,-1,-1,-1,-1
398,12,589.21,313.56,224.73,541.96,-1,-1,-1,-1
399,12,595.06,317.88,228.90,536.96,-1,-1,-1,-1
400,12,604.05,322.59,229.90,527.23,-1,-1,-1,-1
401,12,605.81,324.27,236.41,522.88,-1,-1,-1,-1
402,12,622.30,326.48,232.26,518.57,-1,-1,-1,-1
403,12,637.92,326.52,220.86,516.33,-1,-1,-1,-1
404,12,655.46,326.14,208.28,512.88,-1,-1,-1,-1
405,12,685.30,323.95,189.00,503.53,-1,-1,-1,-1
406,12,707.18,323.59,171.49,502.68,-1,-1,-1,-1
407,12,736.82,323.88,160.00,497.54,-1,-1,-1,-1
408,12,749.49,323.94,148.11,499.04,-1,-1,-1,-1
409,12,762.41,325.77,139.77,497.06,-1,-1,-1,-1
410,12,777.67,329.29,138.17,490.43,-1,-1,-1,-1
411,12,781.11,330.78,154.12,488.79,-1,-1,-1,-1
420,12,870.79,340.12,159.43,449.74,-1,-1,-1,-1
421,12,891.24,340.64,146.10,446.56,-1,-1,-1,-1
422,12,909.64,342.93,141.45,444.23,-1,-1,-1,-1
423,12,911.54,345.92,155.92,440.45,-1,-1,-1,-1
424,12,914.71,349.45,170.80,435.91,-1,-1,-1,-1
425,12,923.25,352.96,181.62,431.06,-1,-1,-1,-1
426,12,930.12,356.80,178.20,425.57,-1,-1,-1,-1
427,12,936.34,359.81,174.80,422.26,-1,-1,-1,-1
428,12,946.04,360.84,168.82,420.97,-1,-1,-1,-1
429,12,954.68,361.39,164.87,418.60,-1,-1,-1,-1
430,12,968.91,361.39,155.79,411.42,-1,-1,-1,-1
431,12,980.38,360.00,149.86,408.54,-1,-1,-1,-1
432,12,998.44,357.89,136.12,408.50,-1,-1,-1,-1
433,12,1015.36,356.38,135.85,407.61,-1,-1,-1,-1
434,12,1023.88,357.14,132.74,405.89,-1,-1,-1,-1
435,12,1037.12,357.59,134.91,405.73,-1,-1,-1,-1
436,12,1046.74,358.54,130.38,403.34,-1,-1,-1,-1
437,12,1053.58,360.42,131.00,400.75,-1,-1,-1,-1
438,12,1058.23,364.60,134.67,396.00,-1,-1,-1,-1
439,12,1063.26,367.39,140.61,392.12,-1,-1,-1,-1
440,12,1066.51,369.54,148.39,388.50,-1,-1,-1,-1
441,12,1072.06,369.80,148.03,387.50,-1,-1,-1,-1
442,12,1077.83,370.34,148.85,385.94,-1,-1,-1,-1
443,12,1093.89,368.82,139.55,383.17,-1,-1,-1,-1
444,12,1101.92,368.10,135.43,380.78,-1,-1,-1,-1
445,12,1123.53,366.03,132.94,378.43,-1,-1,-1,-1
446,12,1130.11,364.80,135.34,379.35,-1,-1,-1,-1
447,12,1138.67,364.15,130.23,380.12,-1,-1,-1,-1
448,12,1149.57,365.33,131.53,377.76,-1,-1,-1,-1
449,12,1153.36,366.10,131.83,376.53,-1,-1,-1,-1
450,12,1158.56,370.80,145.95,370.70,-1,-1,-1,-1
451,12,1159.99,373.27,157.26,366.84,-1,-1,-1,-1
452,12,1162.65,376.77,160.39,363.31,-1,-1,-1,-1
453,12,1168.50,379.27,164.99,359.01,-1,-1,-1,-1
454,12,1174.17,379.32,164.74,358.64,-1,-1,-1,-1
455,12,1184.72,378.66,155.87,357.45,-1,-1,-1,-1
456,12,1197.59,377.34,147.32,356.52,-1,-1,-1,-1
457,12,1210.22,372.76,147.09,358.30,-1,-1,-1,-1
458,12,1229.56,373.72,130.63,356.51,-1,-1,-1,-1
459,12,1237.87,371.04,126.05,358.34,-1,-1,-1,-1
460,12,1247.61,371.27,123.26,355.44,-1,-1,-1,-1
461,12,1250.28,371.21,127.07,355.01,-1,-1,-1,-1
462,12,1257.32,373.38,124.14,351.98,-1,-1,-1,-1
463,12,1269.57,376.32,124.87,348.34,-1,-1,-1,-1
464,12,1271.17,377.45,130.47,348.06,-1,-1,-1,-1
465,12,1280.54,382.39,129.41,341.05,-1,-1,-1,-1
466,12,1289.12,383.88,128.82,338.88,-1,-1,-1,-1
467,12,1294.77,385.53,126.66,336.35,-1,-1,-1,-1
468,12,1302.24,384.31,126.83,334.64,-1,-1,-1,-1
469,12,1311.36,384.22,119.81,332.63,-1,-1,-1,-1
470,12,1321.25,383.28,116.72,331.80,-1,-1,-1,-1
471,12,1328.39,382.62,113.96,331.26,-1,-1,-1,-1
472,12,1332.71,381.31,112.96,333.14,-1,-1,-1,-1
473,12,1340.49,380.93,113.82,331.88,-1,-1,-1,-1
474,12,1347.10,381.00,115.83,331.20,-1,-1,-1,-1
475,12,1355.16,382.72,123.98,328.45,-1,-1,-1,-1
476,12,1360.17,384.84,126.25,326.29,-1,-1,-1,-1
477,12,1365.19,387.59,130.37,323.46,-1,-1,-1,-1
478,12,1370.42,390.41,133.73,319.69,-1,-1,-1,-1
479,12,1374.28,391.70,133.18,317.47,-1,-1,-1,-1
480,12,1382.37,392.29,130.90,316.23,-1,-1,-1,-1
481,12,1388.02,393.40,126.29,313.57,-1,-1,-1,-1
482,12,1393.99,393.02,121.63,312.25,-1,-1,-1,-1
483,12,1403.66,390.42,115.71,311.86,-1,-1,-1,-1
484,12,1412.39,389.18,119.15,311.27,-1,-1,-1,-1
485,12,1418.42,386.91,112.55,313.07,-1,-1,-1,-1
486,12,1426.80,386.49,106.71,313.38,-1,-1,-1,-1
487,12,1432.16,385.50,107.21,314.19,-1,-1,-1,-1
488,12,1436.98,389.08,104.20,310.16,-1,-1,-1,-1
489,12,1438.10,390.28,103.72,308.10,-1,-1,-1,-1
490,12,1443.57,392.85,110.32,307.27,-1,-1,-1,-1
491,12,1447.80,393.21,117.15,305.77,-1,-1,-1,-1
492,12,1446.33,395.86,124.78,302.37,-1,-1,-1,-1
493,12,1453.37,397.09,120.83,299.34,-1,-1,-1,-1
494,12,1456.02,397.11,118.29,298.61,-1,-1,-1,-1
495,12,1463.70,396.18,114.54,297.84,-1,-1,-1,-1
496,12,1474.18,394.77,104.56,297.84,-1,-1,-1,-1
497,12,1482.85,393.83,110.66,295.94,-1,-1,-1,-1
498,12,1489.12,391.49,122.30,298.72,-1,-1,-1,-1
499,12,1493.66,391.79,107.04,297.29,-1,-1,-1,-1
500,12,1499.89,392.19,114.33,297.55,-1,-1,-1,-1
501,12,1502.79,393.46,117.90,296.05,-1,-1,-1,-1
502,12,1509.66,394.22,116.55,293.99,-1,-1,-1,-1
503,12,1515.96,397.68,121.05,290.39,-1,-1,-1,-1
504,12,1517.50,399.26,121.52,288.09,-1,-1,-1,-1
505,12,1523.34,400.72,117.89,286.23,-1,-1,-1,-1
506,12,1528.23,401.93,112.59,284.13,-1,-1,-1,-1
507,12,1532.51,401.80,110.37,284.07,-1,-1,-1,-1
508,12,1539.63,401.28,105.55,281.98,-1,-1,-1,-1
509,12,1545.23,401.23,104.14,281.00,-1,-1,-1,-1
510,12,1552.27,399.24,99.30,281.88,-1,-1,-1,-1
511,12,1556.17,398.10,94.88,282.78,-1,-1,-1,-1
512,12,1557.51,397.72,94.68,281.76,-1,-1,-1,-1
513,12,1544.17,398.20,111.39,279.89,-1,-1,-1,-1
514,12,1555.13,398.89,105.21,279.11,-1,-1,-1,-1
515,12,1561.88,400.31,103.65,277.85,-1,-1,-1,-1
516,12,1573.08,402.72,99.28,276.43,-1,-1,-1,-1
517,12,1577.71,404.22,95.67,274.20,-1,-1,-1,-1
518,12,1580.19,406.78,96.61,271.42,-1,-1,-1,-1
519,12,1582.31,407.71,96.57,270.22,-1,-1,-1,-1
520,12,1585.09,407.91,95.37,270.32,-1,-1,-1,-1
521,12,1590.73,407.26,95.95,269.80,-1,-1,-1,-1
522,12,1593.47,406.34,95.49,266.50,-1,-1,-1,-1
523,12,1599.44,407.73,97.91,263.90,-1,-1,-1,-1
524,12,1601.48,403.36,99.10,267.69,-1,-1,-1,-1
525,12,1605.26,400.41,97.51,270.47,-1,-1,-1,-1
390,13,1153.49,450.14,73.75,199.01,-1,-1,-1,-1
391,13,1155.02,450.48,73.52,199.42,-1,-1,-1,-1
392,13,1167.47,451.55,66.84,198.16,-1,-1,-1,-1
393,13,1175.41,452.40,62.33,197.11,-1,-1,-1,-1
394,13,1179.65,451.23,64.28,196.99,-1,-1,-1,-1
395,13,1183.40,451.45,67.03,196.89,-1,-1,-1,-1
396,13,1185.57,450.49,72.53,197.55,-1,-1,-1,-1
397,13,1188.52,450.16,76.41,197.79,-1,-1,-1,-1
398,13,1189.95,450.57,80.85,196.91,-1,-1,-1,-1
399,13,1191.63,449.24,80.33,198.49,-1,-1,-1,-1
400,13,1193.34,449.78,81.71,198.32,-1,-1,-1,-1
401,13,1195.80,450.03,82.16,198.40,-1,-1,-1,-1
402,13,1203.25,448.59,76.05,199.08,-1,-1,-1,-1
403,13,1207.17,447.81,73.13,199.92,-1,-1,-1,-1
404,13,1215.30,448.62,65.23,199.25,-1,-1,-1,-1
405,13,1222.79,447.68,59.32,199.81,-1,-1,-1,-1
406,13,1226.87,448.51,57.26,199.04,-1,-1,-1,-1
407,13,1230.19,445.28,61.95,201.71,-1,-1,-1,-1
408,13,1231.54,445.14,64.79,201.98,-1,-1,-1,-1
409,13,1233.75,447.16,63.74,200.09,-1,-1,-1,-1
410,13,1237.31,446.20,70.63,201.79,-1,-1,-1,-1
411,13,1239.75,445.38,75.52,202.26,-1,-1,-1,-1
412,13,1240.27,434.42,85.11,212.00,-1,-1,-1,-1
413,13,1240.42,407.72,92.42,239.31,-1,-1,-1,-1
414,13,1239.59,386.80,99.40,260.62,-1,-1,-1,-1
415,13,1243.10,384.73,102.53,263.01,-1,-1,-1,-1
416,13,1243.36,372.61,106.85,275.62,-1,-1,-1,-1
417,13,1248.69,378.46,105.32,269.63,-1,-1,-1,-1
424,13,1290.31,437.12,71.74,209.51,-1,-1,-1,-1
425,13,1293.27,438.00,74.16,209.25,-1,-1,-1,-1
427,13,1298.87,444.29,83.98,204.02,-1,-1,-1,-1
428,13,1308.83,446.09,81.06,202.16,-1,-1,-1,-1
429,13,1305.02,444.80,89.89,203.80,-1,-1,-1,-1
430,13,1305.07,444.85,96.47,203.83,-1,-1,-1,-1
431,13,1304.66,443.26,100.23,205.68,-1,-1,-1,-1
432,13,1312.76,444.30,93.64,204.71,-1,-1,-1,-1
433,13,1324.20,444.30,83.49,204.54,-1,-1,-1,-1
434,13,1328.21,444.82,81.24,204.20,-1,-1,-1,-1
435,13,1329.17,444.95,78.54,202.92,-1,-1,-1,-1
436,13,1336.44,444.51,73.60,203.36,-1,-1,-1,-1
437,13,1345.79,443.58,68.75,203.39,-1,-1,-1,-1
438,13,1352.84,444.18,66.52,203.49,-1,-1,-1,-1
439,13,1357.34,443.95,65.58,204.32,-1,-1,-1,-1
440,13,1359.93,443.48,70.81,205.07,-1,-1,-1,-1
441,13,1363.51,444.24,72.01,204.76,-1,-1,-1,-1
442,13,1366.44,445.04,74.88,203.85,-1,-1,-1,-1
443,13,1367.76,445.39,81.71,203.34,-1,-1,-1,-1
444,13,1370.47,446.00,84.93,202.23,-1,-1,-1,-1
445,13,1372.80,446.25,88.53,201.11,-1,-1,-1,-1
446,13,1372.79,446.31,92.51,201.65,-1,-1,-1,-1
447,13,1373.78,446.27,94.80,202.35,-1,-1,-1,-1
448,13,1375.98,445.89,95.34,202.81,-1,-1,-1,-1
449,13,1379.23,445.52,92.89,203.27,-1,-1,-1,-1
450,13,1388.03,446.50,85.92,201.36,-1,-1,-1,-1
451,13,1398.14,446.20,77.88,201.43,-1,-1,-1,-1
452,13,1405.44,446.90,72.88,201.21,-1,-1,-1,-1
453,13,1411.95,447.30,71.36,201.06,-1,-1,-1,-1
454,13,1414.64,445.83,71.37,202.10,-1,-1,-1,-1
455,13,1418.83,444.13,76.41,204.71,-1,-1,-1,-1
456,13,1423.22,444.60,75.43,203.28,-1,-1,-1,-1
457,13,1425.59,445.63,78.19,202.87,-1,-1,-1,-1
458,13,1429.55,445.98,80.25,202.87,-1,-1,-1,-1
459,13,1431.93,445.37,85.33,203.77,-1,-1,-1,-1
460,13,1433.63,445.97,88.72,203.43,-1,-1,-1,-1
461,13,1435.62,446.25,93.15,203.65,-1,-1,-1,-1
462,13,1436.75,445.98,97.99,205.45,-1,-1,-1,-1
463,13,1442.85,444.84,94.52,205.81,-1,-1,-1,-1
464,13,1453.34,444.69,85.96,206.67,-1,-1,-1,-1
465,13,1459.21,445.77,80.42,205.02,-1,-1,-1,-1
466,13,1466.23,444.96,73.63,205.41,-1,-1,-1,-1
467,13,1468.53,444.80,71.69,205.46,-1,-1,-1,-1
468,13,1465.84,442.36,78.33,208.03,-1,-1,-1,-1
469,13,1467.50,443.14,82.81,207.48,-1,-1,-1,-1
470,13,1483.27,446.75,78.74,203.34,-1,-1,-1,-1
471,13,1486.22,445.80,84.82,203.81,-1,-1,-1,-1
472,13,1488.77,446.24,86.16,203.29,-1,-1,-1,-1
473,13,1489.77,443.96,100.48,205.16,-1,-1,-1,-1
474,13,1491.83,443.83,100.00,204.71,-1,-1,-1,-1
475,13,1493.27,444.10,103.65,206.23,-1,-1,-1,-1
476,13,1494.89,445.16,102.21,205.00,-1,-1,-1,-1
477,13,1495.30,445.52,108.04,203.39,-1,-1,-1,-1
478,13,1504.16,444.80,97.77,202.85,-1,-1,-1,-1
479,13,1511.75,444.04,92.19,204.43,-1,-1,-1,-1
494,13,1577.45,444.01,75.96,206.70,-1,-1,-1,-1
495,13,1580.76,442.14,74.32,203.99,-1,-1,-1,-1
496,13,1584.20,442.15,71.26,203.79,-1,-1,-1,-1
497,13,1587.92,442.35,70.61,203.25,-1,-1,-1,-1
498,13,1591.22,441.37,72.86,203.18,-1,-1,-1,-1
499,13,1595.32,441.21,75.51,203.37,-1,-1,-1,-1
500,13,1603.96,439.83,75.17,204.14,-1,-1,-1,-1
501,13,1603.07,438.64,80.83,205.21,-1,-1,-1,-1
502,13,1602.55,438.96,84.00,205.00,-1,-1,-1,-1
503,13,1601.47,430.89,88.92,211.78,-1,-1,-1,-1
504,13,1602.45,431.42,88.48,210.85,-1,-1,-1,-1
505,13,1603.44,431.94,90.16,210.15,-1,-1,-1,-1
506,13,1608.91,435.39,85.82,206.46,-1,-1,-1,-1
507,13,1607.67,434.16,86.48,208.16,-1,-1,-1,-1
508,13,1616.61,440.12,79.05,201.79,-1,-1,-1,-1
509,13,1618.07,443.01,79.22,198.53,-1,-1,-1,-1
510,13,1624.18,438.04,77.13,203.14,-1,-1,-1,-1
511,13,1625.81,436.28,76.62,204.82,-1,-1,-1,-1
512,13,1631.18,438.68,77.22,202.41,-1,-1,-1,-1
513,13,1632.72,435.53,82.85,206.21,-1,-1,-1,-1
514,13,1636.58,433.78,83.16,208.02,-1,-1,-1,-1
515,13,1644.58,437.85,74.16,204.18,-1,-1,-1,-1
516,13,1649.70,440.08,70.56,200.73,-1,-1,-1,-1
517,13,1649.66,437.99,71.40,203.17,-1,-1,-1,-1
518,13,1648.77,433.53,71.74,207.43,-1,-1,-1,-1
519,13,1647.90,433.39,74.56,207.08,-1,-1,-1,-1
520,13,1648.70,437.57,75.00,202.87,-1,-1,-1,-1
521,13,1649.66,435.54,77.64,205.73,-1,-1,-1,-1
522,13,1650.43,438.03,79.38,204.28,-1,-1,-1,-1
523,13,1656.85,433.30,74.96,209.48,-1,-1,-1,-1
524,13,1656.11,422.58,78.71,220.38,-1,-1,-1,-1
428,14,1151.90,470.86,51.58,173.91,-1,-1,-1,-1
429,14,1154.07,468.95,54.28,174.93,-1,-1,-1,-1
430,14,1155.60,472.04,61.85,171.82,-1,-1,-1,-1
431,14,1154.84,471.46,70.19,172.73,-1,-1,-1,-1
433,14,1159.51,471.74,79.26,171.91,-1,-1,-1,-1
434,14,1162.04,471.49,79.85,171.19,-1,-1,-1,-1
435,14,1168.62,469.64,72.51,171.99,-1,-1,-1,-1
436,14,1177.08,467.10,67.74,173.35,-1,-1,-1,-1
439,14,1193.09,465.39,59.86,177.85,-1,-1,-1,-1
470,14,1136.85,460.39,62.61,186.69,-1,-1,-1,-1
471,14,1139.75,461.02,62.60,186.58,-1,-1,-1,-1
472,14,1146.82,460.08,62.35,186.13,-1,-1,-1,-1
473,14,1150.82,460.93,64.97,185.99,-1,-1,-1,-1
474,14,1153.07,460.35,70.64,186.56,-1,-1,-1,-1
475,14,1159.44,461.98,76.97,184.02,-1,-1,-1,-1
476,14,1160.51,461.57,79.51,184.89,-1,-1,-1,-1
477,14,1163.67,460.87,79.31,185.97,-1,-1,-1,-1
478,14,1166.67,459.82,80.64,186.40,-1,-1,-1,-1
479,14,1171.10,459.86,80.67,186.53,-1,-1,-1,-1
480,14,1186.40,457.57,71.85,187.85,-1,-1,-1,-1
481,14,1191.19,456.72,68.41,188.85,-1,-1,-1,-1
482,14,1196.50,456.39,66.17,189.14,-1,-1,-1,-1
483,14,1206.46,454.12,64.02,191.75,-1,-1,-1,-1
484,14,1210.05,454.25,66.83,190.83,-1,-1,-1,-1
485,14,1217.01,454.04,64.95,191.72,-1,-1,-1,-1
486,14,1218.66,454.54,70.70,191.24,-1,-1,-1,-1
487,14,1221.94,453.31,77.89,191.47,-1,-1,-1,-1
488,14,1226.28,453.99,85.68,189.94,-1,-1,-1,-1
489,14,1227.24,454.84,86.42,189.49,-1,-1,-1,-1
490,14,1230.87,455.08,88.57,190.31,-1,-1,-1,-1
491,14,1235.02,452.00,86.56,193.48,-1,-1,-1,-1
492,14,1240.38,450.48,84.08,195.32,-1,-1,-1,-1
493,14,1250.12,450.51,78.40,194.25,-1,-1,-1,-1
494,14,1258.07,449.69,73.35,195.33,-1,-1,-1,-1
495,14,1268.90,448.53,67.48,196.06,-1,-1,-1,-1
496,14,1276.18,447.74,67.34,196.76,-1,-1,-1,-1
497,14,1282.84,448.54,67.05,195.35,-1,-1,-1,-1
498,14,1287.30,448.14,68.48,197.10,-1,-1,-1,-1
499,14,1290.58,448.64,73.69,197.26,-1,-1,-1,-1
500,14,1295.37,448.65,81.67,197.53,-1,-1,-1,-1
501,14,1297.25,448.78,84.31,197.21,-1,-1,-1,-1
502,14,1298.55,449.63,87.68,196.81,-1,-1,-1,-1
503,14,1300.69,450.17,88.96,197.26,-1,-1,-1,-1
504,14,1303.17,450.06,94.67,198.74,-1,-1,-1,-1
505,14,1312.02,448.58,87.74,200.25,-1,-1,-1,-1
506,14,1319.46,449.47,81.37,198.80,-1,-1,-1,-1
507,14,1325.47,449.08,74.17,199.66,-1,-1,-1,-1
508,14,1347.91,448.13,61.27,200.44,-1,-1,-1,-1
520,14,1409.91,448.47,66.73,206.35,-1,-1,-1,-1
521,14,1417.06,448.89,69.99,206.60,-1,-1,-1,-1
522,14,1420.77,449.33,71.80,203.70,-1,-1,-1,-1
523,14,1427.98,450.30,72.02,202.20,-1,-1,-1,-1
524,14,1423.78,448.31,89.68,204.91,-1,-1,-1,-1
525,14,1423.89,448.84,104.61,205.52,-1,-1,-1,-1
440,15,-130.46,262.99,273.07,690.08,-1,-1,-1,-1
441,15,-135.38,264.51,302.78,690.57,-1,-1,-1,-1
442,15,-125.94,267.02,318.91,688.38,-1,-1,-1,-1
443,15,-114.17,270.98,331.86,679.77,-1,-1,-1,-1
444,15,-84.29,272.86,321.50,672.31,-1,-1,-1,-1
445,15,-73.77,277.49,326.33,668.51,-1,-1,-1,-1
446,15,-67.55,277.96,333.49,668.09,-1,-1,-1,-1
447,15,-46.76,277.79,317.65,667.64,-1,-1,-1,-1
448,15,-26.99,278.43,304.48,668.56,-1,-1,-1,-1
449,15,-23.55,277.70,315.31,665.31,-1,-1,-1,-1
450,15,-8.72,277.37,322.43,661.63,-1,-1,-1,-1
451,15,6.08,276.63,311.38,647.44,-1,-1,-1,-1
452,15,26.91,277.58,296.61,641.56,-1,-1,-1,-1
453,15,64.31,276.17,260.89,639.17,-1,-1,-1,-1
454,15,79.05,275.08,248.52,640.62,-1,-1,-1,-1
461,15,177.61,282.77,257.44,595.33,-1,-1,-1,-1
462,15,163.33,288.27,295.91,590.69,-1,-1,-1,-1
463,15,183.85,293.31,286.52,595.51,-1,-1,-1,-1
464,15,189.54,293.71,290.44,599.49,-1,-1,-1,-1
465,15,204.12,294.06,281.76,604.93,-1,-1,-1,-1
466,15,226.97,293.39,260.99,604.21,-1,-1,-1,-1
467,15,254.95,294.08,233.84,599.17,-1,-1,-1,-1
468,15,278.33,292.84,213.30,594.14,-1,-1,-1,-1
469,15,291.51,292.92,205.71,589.31,-1,-1,-1,-1
470,15,304.61,293.08,204.40,583.30,-1,-1,-1,-1
471,15,314.53,292.96,202.44,582.31,-1,-1,-1,-1
472,15,321.09,292.64,205.96,583.94,-1,-1,-1,-1
473,15,330.39,292.74,220.28,582.73,-1,-1,-1,-1
474,15,337.62,296.07,242.54,579.50,-1,-1,-1,-1
475,15,349.79,298.64,258.06,574.67,-1,-1,-1,-1
476,15,357.93,300.98,258.76,572.78,-1,-1,-1,-1
477,15,367.45,303.21,250.71,568.97,-1,-1,-1,-1
478,15,380.27,305.63,250.83,566.35,-1,-1,-1,-1
479,15,387.06,307.87,246.17,562.26,-1,-1,-1,-1
480,15,395.83,310.63,242.33,555.83,-1,-1,-1,-1
481,15,402.30,310.82,238.42,554.60,-1,-1,-1,-1
482,15,407.61,310.54,236.39,553.12,-1,-1,-1,-1
483,15,422.01,310.67,225.46,550.80,-1,-1,-1,-1
484,15,432.08,310.43,218.47,547.42,-1,-1,-1,-1
485,15,448.28,310.09,209.17,541.63,-1,-1,-1,-1
486,15,458.05,310.17,204.46,537.92,-1,-1,-1,-1
487,15,468.47,308.87,197.62,538.45,-1,-1,-1,-1
488,15,481.01,309.00,191.95,535.89,-1,-1,-1,-1
489,15,490.23,309.32,188.40,532.54,-1,-1,-1,-1
490,15,496.55,311.60,191.76,530.70,-1,-1,-1,-1
491,15,505.42,312.30,187.11,528.86,-1,-1,-1,-1
492,15,515.57,314.12,181.87,526.83,-1,-1,-1,-1
493,15,525.12,316.64,180.56,525.83,-1,-1,-1,-1
494,15,532.70,319.50,182.90,524.01,-1,-1,-1,-1
495,15,541.34,323.73,188.59,519.66,-1,-1,-1,-1
496,15,548.97,326.18,190.57,516.50,-1,-1,-1,-1
497,15,554.16,328.93,188.56,512.51,-1,-1,-1,-1
498,15,562.33,329.01,189.18,510.27,-1,-1,-1,-1
499,15,572.30,330.46,181.77,506.43,-1,-1,-1,-1
500,15,587.46,330.54,173.73,504.07,-1,-1,-1,-1
501,15,595.78,330.88,170.59,501.43,-1,-1,-1,-1
502,15,603.00,330.21,170.56,496.56,-1,-1,-1,-1
503,15,610.91,329.57,169.38,490.04,-1,-1,-1,-1
504,15,615.26,328.16,168.83,489.58,-1,-1,-1,-1
505,15,624.53,326.91,165.37,491.32,-1,-1,-1,-1
506,15,630.56,327.52,161.71,490.63,-1,-1,-1,-1
507,15,635.19,328.24,163.88,489.94,-1,-1,-1,-1
508,15,639.06,328.69,182.11,486.32,-1,-1,-1,-1
509,15,641.50,330.27,193.75,483.75,-1,-1,-1,-1
510,15,648.95,331.30,203.20,479.07,-1,-1,-1,-1
511,15,650.64,333.31,206.68,475.84,-1,-1,-1,-1
512,15,655.80,335.57,207.12,469.89,-1,-1,-1,-1
513,15,664.18,338.61,203.28,463.83,-1,-1,-1,-1
514,15,670.66,339.37,199.21,464.14,-1,-1,-1,-1
515,15,683.67,339.68,187.34,463.70,-1,-1,-1,-1
516,15,700.40,340.75,171.58,458.56,-1,-1,-1,-1
517,15,701.78,339.48,173.07,459.73,-1,-1,-1,-1
518,15,728.59,339.95,148.51,455.84,-1,-1,-1,-1
519,15,736.89,339.53,151.82,458.22,-1,-1,-1,-1
